80 8
675 8
-166 -619
97 -67
29 -629
695 605
670 -291
-882 -891
184 262
847 903
88 -60
-38 112
842 238
715 -184
-186 -636
302 802
-513 866
-456 182
-613 -279
567 442
997 -487
-10 -458
-934 955
-996 444
364 801
-685 71
-835 347
214 216
276 -515
-273 -266
-260 276
504 -122
61 -990
-823 737
-836 192
285 -26
134 -901
-231 181
-914 -510
907 -222
-385 31
856 350
850 670
693 727
646 522
-557 299
384 938
653 989
-414 -891
35 -832
36 634
-93 -350
-45 -650
-373 -57
865 993
209 316
246 -498
-694 589
283 803
-409 -669
700 130
-566 520
-672 810
810 -800
816 -680
-389 713
-773 -596
544 331
773 -60
961 -730
613 859
306 5
-152 -347
469 -70
754 -217
-37 402
-688 -802
498 120
827 -418
680 -313
-702 887
725
596
723
70
253
166
966
285
