83 93
-698 263
563 -986
572 116
-682 778
496 163
-641 96
-755 792
-792 -657
-296 -164
103 112
-205 818
862 469
-680 -547
-374 -322
272 602
438 -958
-711 -253
61 806
136 512
114 -362
788 809
522 350
10 -129
210 760
-902 867
-91 -638
-643 779
158 730
-150 690
351 507
-868 -839
604 415
599 -336
668 189
4 350
-876 -697
224 -984
99 820
-189 -931
648 -529
-266 289
-687 924
298 380
-262 5
575 -961
526 441
959 -421
235 974
543 424
887 983
499 -784
-891 -873
811 958
-971 -532
680 975
704 519
61 706
-507 296
-360 104
505 -40
-380 760
858 -685
125 -791
913 116
-924 -87
245 524
-464 -283
-368 -241
-363 436
691 385
599 899
-690 11
521 -593
610 232
720 874
331 741
513 690
-617 687
402 167
-379 304
29 -489
159 629
-932 111
554
777
242
685
457
729
42
377
776
903
502
571
999
637
611
290
827
215
632
410
320
747
450
508
603
955
337
821
911
401
842
17
384
315
35
559
673
8
498
870
712
221
651
495
136
300
38
652
308
66
435
112
78
188
970
657
528
934
432
191
683
508
307
222
231
785
148
422
761
988
610
432
883
333
680
211
21
626
290
710
614
856
764
784
327
469
839
207
236
109
220
450
327
