41 73
578 -875
959 -291
238 677
191 769
-14 -683
-461 -879
-264 -409
629 310
-747 -693
592 29
-934 815
277 -700
690 57
211 358
307 712
-109 -854
712 -305
415 171
-982 844
-130 -109
397 376
427 299
715 -705
810 314
890 -28
-106 849
833 -277
780 361
874 566
-443 557
-457 901
92 -1
919 873
-328 539
30 73
75 -41
-490 -756
26 -729
-78 -691
-541 698
206 134
361
781
932
304
763
169
913
545
878
25
619
755
150
912
85
860
647
743
36
217
395
954
173
838
325
600
335
707
671
960
821
9
172
276
77
476
178
119
427
611
594
530
620
669
827
587
270
626
113
236
819
211
80
664
568
75
487
677
287
991
146
697
500
757
563
605
428
817
113
626
123
261
879
