5
29
15 41 90 10 89 36 48 73 7 73 29 21 32 85 55 48 92 42 75 35 37 18 52 52 71 23 8 59 41
56
73 60 95 82 81 6 9 24 88 9 82 51 33 17 97 56 39 12 30 11 47 76 79 60 80 95 64 19 44 95 84 61 94 7 85 95 62 56 12 33 83 98 31 43 6 1 19 12 95 76 84 62 30 30 38 36
46
63 4 31 33 61 44 70 89 14 46 99 21 42 43 71 86 12 10 45 41 36 3 87 17 58 49 66 82 40 97 87 14 61 43 77 68 84 71 3 77 83 45 29 51 10 99
49
55 59 40 49 32 95 37 28 99 83 26 59 78 18 60 8 85 44 98 68 58 44 77 59 59 16 2 16 17 93 60 94 52 5 18 0 20 71 92 83 87 33 2 67 89 73 11 28 41
73
38 93 5 21 7 87 19 26 73 93 62 7 28 44 40 70 47 54 87 23 91 95 58 21 51 26 56 5 52 34 85 51 30 16 96 58 56 32 15 61 10 20 31 44 34 99 16 10 21 28 49 23 17 29 55 4 97 5 45 56 27 24 25 21 20 92 10 68 34 3 89 0 92
