6
685 98
27 74 18 65 46 72 12 45 10 37 2 79 14 81 28 51 91 2 66 48 70 59 46 37 66 88 78 71 1 89 39 5 79 59 67 85 23 14 38 5 12 32 49 25 63 34 52 60 34 12 10 32 46 19 69 86 80 96 15 84 57 71 29 34 15 43 68 38 56 97 6 49 27 90 13 48 48 42 84 66 82 2 78 17 62 72 76 10 36 36 5 97 15 49 65 80 18 70
758 99
50 11 60 56 79 85 5 8 49 24 1 10 75 60 45 91 83 70 8 34 40 21 40 53 43 80 31 16 43 10 44 6 36 40 71 88 46 92 64 81 55 63 74 49 12 89 25 60 15 27 16 56 36 22 33 33 42 54 24 38 17 56 27 26 66 99 15 88 52 14 28 54 17 58 95 3 49 93 27 24 29 2 89 63 16 61 41 94 67 93 73 39 17 49 72 76 31 93 39
522 24
63 28 17 100 36 59 26 11 46 46 82 23 15 49 31 26 62 47 74 93 37 80 71 16
466 68
90 69 5 42 24 28 34 79 49 9 72 28 20 76 79 11 77 14 2 38 35 76 61 61 33 92 96 54 94 85 46 1 81 44 81 43 98 10 21 2 44 6 71 65 42 93 10 98 73 49 78 57 53 67 4 10 43 4 37 88 96 46 51 35 89 4 64 69
489 33
88 89 75 31 5 91 93 62 80 38 34 68 100 53 35 16 2 42 13 44 25 11 58 86 28 98 28 19 69 42 32 39 92
637 44
52 14 45 74 59 35 54 41 46 66 83 39 31 71 89 30 72 21 87 59 55 46 50 95 96 33 52 83 71 59 94 43 32 63 38 94 55 14 46 51 56 96 19 43
