6638
966924 484 974
637317 672 784
821155 40 65
440457 794 89
65576 633 264
499365 993 737
423468 430 771
152721 729 649
221679 4 502
46879 270 849
104687 969 606
979830 991 440
946920 656 943
229623 125 234
652396 220 889
448742 975 368
52926 600 434
729494 139 890
848851 929 648
981615 340 905
961536 944 575
957444 99 980
688062 881 663
463775 177 111
405646 103 944
396 658 595
591150 284 472
906454 314 463
142416 792 666
398858 126 561
664793 535 339
981241 902 313
593863 596 394
592712 834 96
878636 545 657
857503 333 351
95338 815 877
452690 403 72
781752 142 609
289679 901 471
111526 568 16
986052 422 502
657170 101 344
624449 596 52
995902 123 166
893700 690 775
352352 379 405
26869 552 410
372504 76 752
423458 38 170
363219 936 543
985830 744 542
963640 125 325
84593 725 777
591207 91 74
147635 294 524
65602 209 996
275708 59 876
433212 665 12
419585 880 300
131080 673 767
947647 54 110
704326 990 183
50470 495 862
478883 138 602
523765 265 715
448566 450 200
981767 805 183
558105 224 97
225248 405 188
62878 976 798
783671 867 23
690392 803 933
377988 600 287
519906 937 446
91846 479 18
172289 977 849
582627 217 692
411202 74 155
613841 637 5
205416 344 790
769720 144 541
90483 144 743
577405 775 137
538850 682 376
816045 779 998
284084 646 253
802379 730 634
369366 703 696
215951 415 472
931051 837 471
86108 948 485
104810 251 551
744666 888 103
222970 313 219
1752 959 29
296219 330 809
117702 459 233
92886 776 19
92299 446 448
294515 680 109
247162 701 396
271554 645 808
72666 783 263
557010 321 462
754150 703 106
401626 19 141
590751 555 602
551849 622 407
688146 147 792
29455 954 841
437167 223 632
450557 1000 888
363259 320 759
307918 214 748
487159 92 229
925540 696 71
157804 501 850
293784 323 210
93060 273 365
169667 352 619
489659 64 334
876790 689 318
131234 253 573
199559 307 136
278704 900 583
937560 996 597
120486 208 836
116409 720 332
859325 221 85
208711 775 435
251397 426 382
40771 391 806
410409 914 95
784206 259 277
628022 604 289
308614 844 441
514598 58 572
899683 257 79
832433 485 410
785724 278 944
140888 74 508
688543 650 681
557769 148 750
294991 171 559
979538 125 136
17597 753 474
857790 341 750
148993 562 542
264373 926 507
846082 630 703
813609 780 82
122645 686 349
887634 779 985
225971 555 710
796430 537 483
494221 781 384
752447 781 186
101078 780 293
117352 628 861
837372 446 655
969646 739 551
724992 22 337
755086 629 584
561508 594 240
364284 695 766
787693 235 580
369039 587 648
428641 758 892
181394 641 851
396915 406 51
290835 322 537
518747 895 977
926184 59 487
534558 27 427
20362 845 666
763102 672 482
52167 425 837
561570 505 345
606730 883 536
449783 406 353
527668 53 293
384919 524 516
844409 84 724
791353 313 897
125079 546 579
176319 639 969
453925 803 247
682275 176 761
827646 762 338
625600 483 61
541038 367 136
591287 287 405
219492 95 645
237840 51 444
375161 937 320
138430 895 268
117963 617 661
453940 524 249
993059 697 978
251891 319 412
567382 659 283
387447 518 529
671905 418 731
457467 974 28
439539 791 345
147722 119 832
67024 115 672
193884 855 945
209862 493 120
571286 418 355
228938 50 744
147784 138 545
219493 389 252
714167 907 776
157173 985 356
859797 14 713
389700 545 320
931236 650 572
720516 942 278
943936 676 196
943894 369 498
861407 101 608
248740 226 301
819321 872 505
135679 618 522
616103 983 796
639986 955 496
404022 52 282
995974 633 688
227255 107 936
943981 302 162
367423 638 156
234139 795 926
279136 27 348
370302 868 295
486874 801 621
99342 105 251
935108 940 327
123081 883 172
86440 120 883
775989 848 973
882718 931 610
464477 553 420
133909 607 689
837620 191 508
288706 180 998
616261 611 368
628362 122 870
651775 329 394
21402 736 166
422233 239 349
728527 699 345
509641 299 231
382889 669 292
22533 911 117
528775 326 58
818816 927 989
315250 571 980
681409 931 878
174654 222 966
585266 895 796
216226 480 355
321259 912 838
204131 964 110
417246 139 856
951342 309 74
916271 911 682
482888 982 827
958754 793 852
23502 946 162
978704 398 630
592166 690 832
616187 945 303
607656 639 781
158215 136 27
373700 546 843
655680 693 396
663488 82 671
522043 430 233
963183 333 454
83352 555 484
80241 130 318
233658 765 238
525575 205 165
113388 387 511
25461 159 690
750684 99 321
418223 949 316
200158 338 254
345990 97 290
211463 500 953
150187 42 282
172951 468 958
143047 754 841
161309 910 945
650924 436 691
311012 317 110
321390 665 306
568177 671 156
564492 427 353
377690 333 166
245914 175 639
656442 848 679
772042 971 853
342675 96 143
304954 530 29
844809 469 186
375889 5 409
664947 557 983
757580 40 932
665819 962 724
728711 353 481
758248 212 254
925166 121 949
202316 744 53
587559 353 727
549677 838 611
201626 243 877
473575 103 481
166665 931 993
963763 809 391
118199 50 570
973508 942 367
994057 926 614
465677 120 470
354588 649 322
976270 783 2
993061 416 139
503113 318 798
478426 136 4
981648 979 613
473089 452 872
491660 907 25
374155 805 162
534610 493 289
326145 790 916
314759 322 560
73552 110 480
556381 606 786
945159 243 324
819091 963 303
377523 837 612
898630 455 845
765490 546 122
254002 706 392
727527 57 316
296730 407 632
921832 15 150
967885 329 17
205773 291 573
13759 99 811
358043 361 774
577646 168 974
954830 761 746
591511 894 256
752093 117 34
658987 221 452
41008 471 659
651463 709 831
753568 466 563
349919 547 95
660318 351 75
206071 80 645
13056 31 428
8849 151 822
364883 971 345
36693 953 50
503135 141 658
626775 299 970
382945 879 422
436422 164 424
175652 609 534
961200 464 883
759243 176 195
947641 12 767
56714 994 593
369520 856 79
105435 714 238
134895 513 761
740637 264 620
309961 766 184
667266 550 525
63137 874 307
742799 289 737
939954 333 881
735984 875 277
696197 505 482
875071 368 164
325566 297 79
520573 237 3
687471 78 340
904627 515 963
669190 420 312
414011 281 170
772690 262 161
34785 278 722
364714 837 331
299222 778 610
106932 884 932
932407 629 457
250177 730 889
256207 708 792
828693 18 854
515551 861 267
889163 8 879
90250 76 452
789053 805 861
828870 133 185
283809 814 840
183011 797 600
43304 528 212
826168 733 426
953649 957 471
958239 278 649
379081 554 396
656515 358 12
762329 663 111
413781 674 553
881267 899 1000
342327 58 425
489309 595 358
229670 502 506
718496 654 583
447643 245 557
400920 498 94
903749 542 205
210128 385 22
359552 841 759
673459 116 778
447180 737 26
513559 693 889
875163 299 41
149010 125 90
985945 961 803
35317 241 584
700799 418 24
572274 990 557
826681 465 953
856512 921 183
599727 65 788
225200 860 733
287845 278 537
218405 167 830
981089 914 9
369489 394 69
319092 461 1000
384371 947 779
871555 75 31
773637 106 150
316409 253 890
92849 851 119
957218 48 509
753843 312 477
888976 612 561
615868 855 932
664070 541 70
840765 216 892
628739 53 673
72397 216 641
899172 833 641
813157 482 145
502094 833 255
65816 454 863
94423 120 127
156378 770 177
408498 356 244
945506 970 14
570412 599 228
62576 145 279
449413 536 741
178555 270 675
384208 20 416
703774 378 109
934855 342 377
300437 440 303
42556 42 949
175746 112 874
42889 672 175
462564 12 597
887476 272 65
266979 825 938
334004 734 343
80797 958 238
273952 2 49
687887 119 159
166928 980 726
840839 694 613
611711 677 617
114741 324 873
456377 817 650
276766 991 490
308817 574 586
933589 892 59
846934 266 970
528052 405 951
466378 342 837
211574 763 740
747615 764 916
420155 358 720
793456 544 179
164391 926 599
822546 517 815
399373 376 6
451045 819 944
932720 81 988
184959 76 742
319174 570 970
21904 266 769
533148 493 741
502473 449 529
285528 109 932
854888 839 413
548573 455 61
297280 339 502
928447 259 89
355272 430 397
482656 260 364
52696 120 434
928579 716 800
570621 304 486
216204 623 632
201723 81 656
343877 831 909
521845 281 241
11767 338 508
538580 664 906
163611 860 457
704298 111 687
38472 357 34
187311 69 844
124447 417 56
779890 759 655
181666 949 636
4283 378 36
984012 494 928
988045 48 990
114783 199 62
229707 740 19
180811 293 186
691543 654 443
454805 785 333
319620 53 703
832720 361 806
293823 696 173
246382 939 237
341319 86 600
392797 821 888
308807 12 766
405962 556 323
610177 585 256
580371 945 822
181228 817 177
564530 448 452
597373 315 589
982739 419 882
49533 607 485
196786 645 138
404706 590 485
691191 520 258
27655 466 207
285155 611 692
310179 399 754
819796 262 141
914087 329 61
791061 538 436
625397 47 393
913134 761 495
227518 368 451
865708 317 64
278467 295 372
986171 265 665
454648 969 316
409226 446 633
253459 722 896
371643 609 712
241540 352 700
748862 554 202
471125 632 662
539109 854 721
458322 264 390
923095 26 550
560859 126 87
648773 852 339
89654 46 96
570120 691 851
483355 564 456
411318 644 354
749058 676 678
328865 569 259
331364 498 558
186208 519 49
629848 609 655
223250 629 917
715057 463 364
492675 426 851
458381 318 223
677267 629 835
374029 640 654
809466 938 157
140889 199 875
704464 463 269
636090 901 155
198435 40 732
906346 973 800
967916 254 379
577048 536 894
776787 568 678
670039 794 154
91776 716 581
298559 270 360
231618 833 134
44857 339 7
209821 834 150
930133 575 883
975763 332 430
128970 488 524
63677 885 251
30600 210 105
847730 3 473
968753 127 257
247661 430 361
472926 469 986
343036 171 830
435318 363 101
387713 812 828
115922 706 166
136930 508 541
612997 976 509
632025 648 159
934569 19 214
119587 291 838
330474 472 616
659698 610 899
22901 587 680
754693 423 891
519319 785 338
308306 469 55
831409 802 817
779450 261 566
299001 902 493
138525 281 214
208097 692 898
510062 93 223
655432 500 831
628259 815 49
900267 509 982
109183 805 397
341854 78 500
756509 91 168
751128 955 474
467758 5 250
320362 326 482
808752 783 203
680461 983 287
793422 651 901
137536 603 585
859961 923 953
69220 92 593
121587 328 613
654382 250 445
736580 344 59
849088 415 757
677524 214 208
358428 901 55
471425 864 134
285892 461 422
645486 512 978
345630 685 144
132559 799 753
36550 103 95
400993 425 46
134458 739 66
261769 22 560
43069 104 255
746752 531 800
972275 470 343
108435 852 421
226560 506 828
497235 192 27
468347 933 821
517102 466 302
533486 376 412
753465 756 555
866900 415 88
659358 97 992
304560 841 387
305610 985 85
488155 644 554
394699 457 384
70154 414 109
377895 161 29
763198 899 668
152559 227 317
198741 780 932
414586 95 513
268158 504 14
759151 717 101
349234 259 399
909474 999 562
785644 572 288
616839 936 97
372662 280 397
5850 919 840
906464 67 489
188521 381 527
963918 572 252
240349 686 772
522016 18 485
449366 686 182
679604 885 506
539328 546 842
292568 172 743
752868 67 760
322750 208 154
598955 208 789
812715 363 826
307648 443 909
380875 884 293
566150 159 902
206427 351 280
664628 57 714
535278 643 266
748648 959 816
129493 173 712
801302 169 563
123818 76 2
976485 467 285
902593 192 499
115600 340 668
836798 433 417
347596 829 584
141595 572 32
150457 320 637
931698 360 353
573148 743 164
696106 392 627
778888 504 522
898253 883 468
22688 377 364
203650 52 850
605294 737 351
711169 435 611
583045 235 306
719697 583 436
708131 905 214
574595 326 717
811278 540 910
345894 874 599
952466 560 848
12022 253 519
664473 69 28
625747 716 350
620714 154 528
908741 729 132
324774 158 813
791615 588 369
543204 671 336
386696 244 742
229496 387 799
557411 722 431
624106 244 202
611359 641 832
167397 157 215
53319 621 607
596917 319 791
175733 625 523
104284 525 696
213037 462 838
442747 656 158
994011 304 873
1730 122 56
600284 110 975
375246 873 423
960384 689 500
864637 886 126
785749 432 31
967201 940 47
10768 389 546
431743 161 153
531708 451 237
479803 888 480
437384 933 363
644783 721 705
781910 74 976
352003 999 505
737667 520 587
825195 624 132
418795 229 753
194162 428 346
182536 310 749
858508 848 953
678502 270 352
185700 184 741
908714 270 822
711707 827 516
714295 861 62
70775 971 611
290095 371 598
82276 498 686
889859 994 10
996830 325 355
786100 577 789
449202 70 69
257605 70 737
554350 370 413
162643 370 997
566082 494 860
281797 711 842
12629 194 236
416305 34 881
595580 135 375
16002 824 95
480428 511 273
854733 977 498
72226 274 107
920612 53 533
189963 281 755
883160 954 338
367888 952 748
262216 658 557
116533 803 808
976184 531 251
853899 987 825
442833 567 227
278975 194 310
799404 934 529
899309 443 182
337122 148 865
641320 704 663
293354 175 102
15219 574 333
460557 160 428
848637 587 572
313851 124 740
515431 298 945
11973 393 635
820135 768 416
196767 897 255
488258 79 4
213308 682 281
351652 458 200
194415 816 194
509555 115 920
246469 277 919
680100 902 442
281913 161 236
466156 858 463
372960 987 738
389899 615 190
629221 581 908
746979 570 843
811670 907 779
872277 592 410
377191 180 257
430259 348 145
753441 877 229
885029 963 569
427691 977 59
195075 290 550
132836 655 279
544166 879 322
416068 13 404
692816 687 246
783106 154 774
800933 145 866
344361 186 687
463489 52 308
749850 913 58
841846 843 429
665493 518 143
677163 9 706
754439 836 716
711450 2 226
739682 295 35
236653 351 6
755769 908 856
352862 850 311
110894 170 30
634183 847 840
494640 749 487
857016 687 487
780234 111 427
170380 198 671
52197 99 925
450421 769 463
562663 698 353
540911 390 670
719731 390 779
585374 870 828
886549 730 379
613537 248 892
750691 700 510
333681 303 876
890665 555 599
86614 759 917
558381 296 125
181890 798 563
318480 145 670
209160 811 561
475305 842 338
99678 623 714
756709 916 702
518040 313 410
163894 223 774
75805 545 205
104978 776 544
284462 879 368
621167 265 228
882286 342 736
769193 832 887
862362 604 566
234398 724 913
707181 214 638
84282 517 55
580912 191 421
545068 786 562
774558 424 943
817472 248 518
983538 210 666
863953 859 90
915438 869 710
513475 114 266
150713 525 771
880367 366 983
97262 379 917
460512 35 443
989443 770 552
354669 203 888
414890 323 426
419785 321 284
34272 402 841
793204 987 140
521503 860 285
24385 919 871
429184 783 918
838612 539 108
429567 280 350
101003 829 647
131198 850 852
498174 144 604
503958 567 820
152402 831 541
618697 999 172
679658 990 520
507154 378 22
974934 765 641
810030 690 103
586782 730 164
926926 687 718
741 647 906
375327 460 320
888325 318 411
157299 106 830
486296 294 753
319964 364 933
26739 438 607
797495 473 304
136179 278 45
267825 603 422
988472 384 955
449252 461 224
55733 512 130
407680 77 186
250066 868 556
389763 324 732
855873 538 862
643742 361 297
961094 532 378
607914 19 779
112580 829 251
593899 402 331
629968 773 259
298071 258 411
30905 86 358
752990 808 47
956498 371 564
140947 616 770
742720 678 591
752733 300 189
190331 186 683
975189 9 396
879498 38 156
423619 351 664
2068 475 555
761540 157 390
529689 84 377
380296 808 608
413017 828 811
85622 392 806
318568 382 834
645744 347 658
928878 827 164
341091 792 731
19056 928 289
93108 5 819
202916 334 80
607053 869 165
658915 372 22
483266 467 494
967294 414 48
792667 721 982
764962 39 114
301077 89 509
905844 38 422
830470 255 886
265450 780 125
261777 545 21
655577 928 842
72878 905 92
990130 801 62
167669 247 332
309197 861 584
331183 201 486
110810 444 873
516641 169 161
557861 792 682
112520 47 809
214208 898 276
515796 539 298
363247 884 685
970513 113 892
289182 67 159
777660 851 898
491492 378 728
434424 280 623
462709 6 206
654967 681 911
355925 233 272
849888 520 708
563518 781 971
487253 696 542
700281 851 839
329434 783 204
222240 74 934
385822 5 618
752981 988 154
346238 422 302
17530 833 136
377536 900 193
783485 144 204
150671 180 792
755172 25 434
203565 126 150
528556 653 880
365132 608 473
491932 232 589
829275 105 878
296148 95 935
168921 212 336
892568 307 781
345543 935 630
80604 402 890
314828 544 789
828648 67 182
520886 464 512
411238 813 391
314366 432 753
105779 326 494
636977 22 353
770899 124 527
242552 465 229
683661 261 649
731589 795 220
66641 621 642
666535 404 157
855830 57 187
296165 529 120
237326 309 372
684505 487 128
62012 653 82
524214 627 53
391255 846 305
797190 976 369
173292 261 153
412960 711 224
797478 50 779
145889 888 826
847952 570 465
459764 300 24
328587 988 747
238186 813 507
743562 535 50
855569 490 355
877988 79 379
555589 907 338
102399 991 352
1290 40 235
226147 474 315
565333 219 745
758532 934 281
728264 132 843
930993 537 132
736761 896 932
62288 827 112
51363 938 158
872008 267 807
204193 333 120
452886 659 713
10314 429 714
322353 507 497
137306 380 219
303190 354 412
408445 67 774
618488 186 503
323139 364 818
61262 667 368
585096 256 66
522191 233 95
298959 631 641
834913 976 32
482547 315 294
848381 772 425
203076 260 556
920267 48 371
137219 779 826
105145 818 603
334070 773 739
782030 619 436
28031 313 357
564215 71 827
66551 116 128
966838 902 174
820212 944 274
43429 574 210
719730 774 318
697296 688 478
826892 965 931
121607 584 133
162696 759 507
893688 596 513
995072 224 5
92203 904 622
711889 74 277
871848 258 982
618628 947 365
544554 445 3
969038 26 23
402354 947 340
939406 657 528
22681 556 343
360880 164 320
301365 323 619
303451 356 448
37205 186 356
405877 575 660
525345 337 404
965317 43 246
863947 160 628
650942 175 380
925156 754 905
791844 355 808
709978 629 636
383809 363 985
383201 883 481
334067 391 119
135638 65 761
258454 525 776
609696 555 458
930166 370 163
55691 335 698
786106 410 498
594738 64 302
278043 203 769
224794 59 662
333724 302 703
345304 251 254
484157 285 795
899879 666 590
724430 667 386
419223 528 517
644253 403 151
827470 154 464
170635 514 47
832976 695 685
201661 163 45
466706 407 469
482769 622 872
979968 650 84
74033 451 403
912882 756 579
741115 712 499
945487 130 589
442109 861 327
599970 392 852
673270 147 920
432456 224 275
238635 75 317
301650 936 43
92550 785 819
703523 483 658
990600 177 953
661308 130 126
312911 585 777
821336 625 374
416197 247 873
328093 851 537
179373 45 953
638286 193 994
543273 938 266
522873 470 103
466843 307 316
539651 532 492
113017 179 524
111302 72 576
126144 74 507
887001 794 488
134746 430 868
466862 281 867
885838 565 947
600860 829 846
306743 22 832
739300 529 967
628605 823 326
372674 101 12
722509 459 736
774035 180 78
811722 762 406
452210 704 342
422477 430 223
190142 649 567
960038 918 946
420978 386 561
969440 123 61
402626 255 103
798871 94 61
10616 56 62
297436 821 694
31014 867 473
47618 752 746
89533 516 513
915785 301 80
763664 876 366
772612 974 196
898948 333 117
781337 963 746
257539 654 782
82089 309 34
545321 792 7
931868 744 920
609172 999 943
434338 391 430
819149 869 425
620937 309 325
470126 99 381
688871 239 21
860821 593 218
771671 427 679
755932 153 937
416962 901 884
776909 252 360
69726 490 360
559054 378 960
193483 309 31
45761 6 38
280325 411 298
220720 819 643
144039 225 56
291058 411 23
752812 984 890
705701 573 14
286255 248 547
808003 462 215
989001 428 889
518462 638 24
54949 505 952
423898 16 404
77051 733 673
580434 836 945
167868 903 952
900404 796 189
550564 131 923
231806 811 755
988414 311 366
158488 929 560
674555 571 211
301921 239 562
759919 170 204
780250 506 903
473198 309 815
912283 529 538
936988 550 916
928021 240 139
261839 966 476
915116 952 534
337279 918 552
197378 98 111
37393 506 98
230737 990 39
306394 717 513
5024 120 611
413305 40 699
750103 290 696
511743 293 578
903077 246 901
49918 23 678
937123 163 152
772416 312 262
192894 812 686
49315 349 516
665661 879 877
743514 445 73
841120 677 260
405941 187 805
801353 655 828
242924 427 335
261766 384 40
650292 699 433
921568 862 179
489421 133 341
572231 806 972
453819 343 845
289485 489 214
246326 647 764
831992 995 809
575893 569 153
510868 855 399
558391 199 323
861227 641 772
974397 521 457
557532 586 511
939145 938 975
375064 401 85
281653 744 523
466237 291 274
534293 619 794
834076 926 129
287436 605 688
881360 769 166
806892 829 410
451810 18 870
477684 243 367
880505 190 542
750199 929 486
365590 376 949
166459 430 104
624505 392 86
651216 539 512
940959 853 244
301391 348 744
5718 410 913
209000 487 895
374965 735 766
556300 804 95
248278 425 264
709028 559 942
210670 571 650
340927 820 792
713336 914 585
62376 608 243
719544 101 695
655451 617 698
330072 61 890
125535 886 264
750846 530 322
873433 310 202
694977 884 856
206289 878 702
263528 836 636
848151 761 229
58581 82 296
28967 853 385
523618 930 88
850026 259 407
528948 302 894
147658 634 609
982629 868 620
686044 303 934
22954 697 404
33360 629 333
719065 283 726
355123 154 459
503995 377 655
698796 849 300
485150 147 524
201160 30 488
301484 86 915
360613 413 384
835542 178 284
43104 695 831
899501 186 727
427538 663 819
345876 357 164
958747 483 818
171781 136 682
542192 88 343
996773 842 180
379123 744 981
49612 217 789
996718 183 645
263199 23 464
514192 618 456
462082 576 477
841516 32 810
622883 184 620
605063 171 457
285957 789 60
606363 110 697
529727 233 487
935743 680 580
648866 641 793
936584 495 79
872127 641 532
503282 401 116
174033 122 412
784300 356 581
998646 149 167
134753 683 465
265390 551 259
177765 766 916
391505 203 506
57607 192 671
916291 285 936
188490 247 945
742879 783 70
881245 242 68
414109 470 49
642716 139 66
277157 447 18
871102 438 649
591090 34 647
817481 272 926
448276 351 965
974139 361 30
209489 783 618
337615 907 858
876085 507 422
168977 88 285
579414 172 758
846744 99 59
520911 512 984
373016 898 493
791909 293 937
135089 237 83
224684 299 794
942093 224 937
229723 40 258
531818 544 902
626664 443 378
171119 527 732
445011 826 303
815948 857 437
71458 262 515
631939 930 815
510440 167 332
400267 56 41
855268 542 770
394081 803 475
581344 577 756
524374 570 169
602078 448 442
773972 54 495
245826 557 965
908027 885 651
574147 329 350
603280 402 144
58259 14 541
285636 880 650
259616 913 199
289158 288 863
728469 927 253
922734 24 684
443709 514 187
856279 312 539
168753 380 106
404605 910 312
497971 373 25
583255 138 779
703560 814 8
129681 644 429
788430 377 40
82768 262 253
330542 140 384
742274 173 477
917100 960 635
664304 960 226
8173 287 821
784826 29 268
341779 610 354
323029 484 276
962102 725 997
377972 5 314
157025 616 399
902417 621 830
950822 93 536
956559 295 339
123153 820 262
646187 679 525
522886 803 925
779206 234 675
938379 131 788
965868 60 114
387625 636 645
770638 974 676
440877 571 489
34537 264 256
885132 540 19
293259 525 647
614071 827 761
272598 756 498
547501 848 685
338302 44 748
540444 410 8
354920 224 279
479257 715 73
177352 730 859
328272 848 245
278229 925 594
343783 667 466
536610 410 229
626399 996 641
812478 146 321
727947 39 235
139262 915 468
652418 232 685
291510 877 847
210046 777 490
886747 849 89
737213 996 320
851095 150 502
782104 373 555
803031 67 572
503260 486 971
849738 37 494
181515 789 85
848666 859 556
289101 688 254
247171 384 889
462821 161 91
253479 177 478
876426 139 889
472917 666 171
545520 59 219
869368 999 136
411813 24 309
899391 969 670
407360 858 390
399771 393 455
504434 406 616
572550 555 564
860192 507 357
204890 77 452
68417 939 48
293169 7 492
348494 540 306
450270 831 746
250278 780 725
721869 297 409
600244 40 158
351488 24 702
32925 877 145
214438 409 35
995857 777 101
832795 802 736
893455 852 546
11366 512 284
315999 485 615
781322 598 681
593709 137 138
22601 803 584
803438 423 981
614039 424 761
237390 990 375
475883 457 876
738952 806 476
225361 137 929
4738 129 679
334396 57 41
468477 903 245
643535 162 874
939848 494 854
472872 33 736
742866 185 939
763255 759 53
764600 784 801
459912 893 385
743280 970 117
752358 31 209
68542 138 206
282559 550 220
12902 685 310
115902 109 176
488209 412 805
462956 472 955
640150 724 985
8083 304 184
506877 716 596
983182 465 394
994149 976 448
980127 768 467
673614 549 323
410596 696 140
676603 904 507
151700 683 304
621845 236 916
296301 962 228
53029 88 934
758710 672 51
581502 96 807
246662 387 984
293448 468 286
535978 97 825
999350 471 908
3967 744 636
340843 328 151
400569 221 874
319761 861 842
151445 919 545
849741 962 23
92382 213 326
925763 797 245
848806 472 459
102771 584 947
435131 605 179
347429 606 319
903820 288 500
702216 819 100
526217 839 977
627687 523 842
680269 304 320
902531 112 542
551810 461 336
244341 201 911
175968 45 292
382713 753 743
45291 4 783
334740 333 233
730179 654 983
114426 736 810
927996 435 981
870872 548 878
319281 450 769
498562 411 728
848249 874 746
939038 254 696
384568 459 700
124601 960 640
125832 378 551
96200 121 261
949906 334 106
759967 375 968
826953 735 237
346561 723 677
481387 285 637
158707 112 753
847154 954 870
698473 460 850
320803 139 686
509416 351 861
860799 529 774
703103 542 325
300930 586 134
220907 166 427
480135 504 267
611968 504 622
41258 455 66
959282 766 674
225919 748 845
200542 374 997
31245 346 865
238007 429 83
151902 264 275
174292 276 316
116802 283 405
156443 931 552
855987 663 129
560897 256 840
478375 695 134
353007 291 77
916411 921 384
722722 12 35
844552 237 976
38896 472 990
544298 470 925
696459 293 885
112259 966 404
631949 597 719
195080 621 681
895339 169 208
142875 246 734
199415 771 552
921230 175 464
683357 85 733
355346 728 780
879303 143 34
513741 112 397
376180 76 380
118277 717 404
914161 237 932
481461 206 697
223079 625 123
435841 693 428
400919 930 352
27221 30 479
758482 576 606
164417 206 259
312757 278 213
394186 117 307
20532 898 239
142187 817 218
888529 504 559
600017 941 793
816166 828 305
435913 395 599
589807 241 26
914321 917 104
832900 761 847
989704 519 769
685468 851 266
282539 767 342
591489 283 797
667702 334 141
894697 145 309
186102 82 785
993954 231 336
88454 150 396
604434 370 649
671183 852 793
738544 414 536
447068 617 735
975158 337 207
209861 459 722
552879 511 873
976728 72 908
362342 27 636
736762 182 529
641713 591 654
403847 571 134
210368 284 551
489035 302 931
837624 821 316
687238 744 740
174859 923 371
379858 2 293
591536 878 918
706630 197 421
148376 289 689
789953 564 912
699670 312 867
643282 552 545
202521 205 746
87917 507 484
218407 766 856
142964 509 150
976006 723 699
25325 974 681
60113 38 702
147723 18 926
920537 19 751
899827 487 475
900045 21 353
740993 132 626
997131 719 602
386185 350 974
743171 105 718
457752 48 508
395470 812 370
344466 30 198
802908 48 848
935558 469 504
819230 873 225
489810 410 143
246054 217 128
434833 462 663
310311 880 726
142668 366 603
594027 773 668
603362 581 776
300310 773 443
546388 867 989
935058 886 51
316476 331 764
720802 525 231
798194 15 841
423285 756 651
637128 187 101
439867 182 682
438189 353 758
791005 566 856
63702 678 717
552268 395 493
807620 969 107
124781 754 491
652426 555 796
743820 673 927
491435 227 829
150635 83 165
58321 21 973
354266 951 52
713277 170 938
717653 215 119
266796 255 115
696249 439 304
656283 440 385
373277 597 818
33776 108 273
432111 749 217
192722 527 682
177425 439 585
508197 195 602
189182 863 473
898339 288 923
799375 522 971
144312 835 711
512679 515 492
848565 890 292
120197 182 952
461371 957 277
995796 355 549
70589 895 629
383371 612 423
999433 903 398
673728 821 20
978204 167 407
784367 379 763
271255 434 655
885947 195 86
989643 125 283
438936 192 402
10149 10 220
761847 914 205
164189 97 143
3581 211 818
733734 528 311
1005 611 20
848553 636 812
60629 219 63
908627 605 112
577046 472 205
439306 257 887
580730 389 834
650021 801 468
355757 894 781
929296 146 669
230101 666 335
887843 58 670
254978 857 398
952253 873 577
190727 441 826
35539 373 826
332703 212 141
516240 708 10
970350 219 891
80507 506 910
903698 766 940
239578 85 805
132437 401 186
535471 579 947
996522 147 29
808163 18 70
916986 680 357
246048 412 379
534319 110 715
529343 800 737
955560 703 827
103509 127 502
983832 391 898
745578 273 131
260457 837 70
498180 58 935
163952 117 627
749419 980 885
781201 736 287
208359 150 615
949020 394 434
306887 919 117
597247 970 829
236619 675 599
522281 756 400
799976 553 645
934190 826 501
790195 474 608
626511 985 758
744649 737 268
255677 138 859
334594 436 564
457102 204 735
996698 774 446
97254 528 667
416254 749 674
492486 218 845
617664 825 82
772822 672 476
181463 32 551
827968 157 609
464421 45 148
341220 205 285
731795 902 536
456518 710 635
779480 253 166
769501 459 16
208444 684 558
404273 167 89
7121 980 392
61212 725 730
82172 390 198
191073 60 282
557501 400 478
710292 831 41
801239 693 30
897078 150 753
393425 687 567
437508 901 266
796184 857 200
478488 522 701
408704 455 235
629099 994 299
312234 868 65
151476 70 965
762084 229 116
59008 422 299
196563 525 931
690800 666 413
664872 575 438
34856 876 374
702559 211 196
367484 532 508
565721 14 135
578317 59 551
641590 328 934
608195 559 429
306670 280 309
777342 414 589
695020 825 318
384575 548 19
200050 987 627
352160 861 944
6856 278 893
619950 934 81
948033 527 858
537546 535 431
203035 316 410
900814 491 967
220779 815 645
482697 920 617
122979 364 502
734976 664 811
594084 159 934
169535 589 849
318444 972 375
118250 133 338
468223 709 589
857651 86 406
896924 351 619
7844 406 432
250893 519 982
322091 304 695
587351 143 867
803805 258 456
700078 512 938
606106 701 205
468268 800 526
122626 714 76
289748 105 107
403731 597 13
749095 862 101
693409 181 668
441152 251 239
832707 82 548
228394 579 605
920955 794 67
122866 356 622
298509 629 15
58559 240 486
472690 154 607
337638 86 693
310656 814 558
432582 674 964
419509 772 813
522114 153 955
557475 245 261
11574 989 817
483280 829 215
140567 841 820
101788 546 237
531783 733 741
125104 777 445
906870 613 925
522944 390 93
392472 668 341
662969 56 178
564638 358 455
905073 298 976
266120 778 335
353747 9 983
916565 207 877
321566 651 833
840255 600 349
424896 545 668
397456 605 967
111807 801 958
615854 6 620
993415 945 318
233364 319 241
642516 169 928
887097 817 948
334845 193 796
72841 756 8
37108 679 572
821587 44 737
644592 910 132
236234 301 752
401708 104 571
690290 956 615
783785 991 305
859845 39 535
481673 299 273
575874 745 867
797595 131 635
453424 372 482
226784 20 725
337525 974 864
827393 346 691
493775 30 677
346392 425 208
915739 969 803
797331 319 88
352796 67 832
536118 40 911
251766 74 333
130524 341 411
314812 958 8
494415 178 752
933287 664 331
600329 135 900
761122 637 724
909482 242 263
975182 575 145
718115 837 903
473195 311 895
890623 237 918
189329 305 608
304874 169 384
702953 161 358
6607 581 969
715147 910 750
923172 812 471
537727 827 354
538047 499 222
213755 891 78
675528 446 562
327380 725 346
455518 587 640
557025 503 352
833283 871 194
421705 387 920
771036 811 663
681525 867 730
495594 30 86
33202 487 872
314111 391 280
641969 311 987
298903 703 526
939811 623 783
384501 526 47
618402 344 973
195377 560 13
180674 233 540
444937 306 705
421458 552 569
908712 618 902
62116 856 609
186249 193 106
942251 140 326
639759 185 524
541350 302 708
766465 911 668
292408 687 329
776276 555 190
920208 280 784
949961 138 879
105994 169 74
873129 407 218
333184 363 78
336826 848 856
757699 481 152
668840 926 346
875527 955 539
28905 313 592
688466 317 636
656769 51 900
558168 423 579
904802 229 496
56238 15 23
82638 867 411
202604 506 339
277428 58 732
353076 505 314
11124 661 910
101124 178 122
607489 349 852
253174 166 850
527105 840 840
440980 631 434
178981 114 348
90488 83 745
604160 814 908
53278 120 336
961518 970 967
907610 298 876
150321 17 396
563248 260 850
392578 388 12
927933 608 751
811092 152 864
995801 598 857
650257 747 490
409512 52 725
25362 321 484
489320 41 560
884262 177 866
786163 554 403
912097 134 838
405354 399 544
183046 616 76
531672 183 564
322838 437 939
159671 931 358
922891 494 276
906178 599 176
412469 322 90
646366 161 430
162159 115 967
399012 893 16
468476 706 976
206152 208 114
544849 35 135
647679 628 72
300405 56 285
752462 362 53
392828 784 867
279825 575 167
478097 266 785
933366 665 843
564508 857 619
813790 730 587
919252 792 537
514892 144 809
207338 869 436
215579 467 405
72787 977 108
730089 676 73
379450 311 696
942654 973 757
998408 189 546
790163 756 923
281316 853 410
552064 531 558
909411 344 86
437037 686 704
89123 872 553
575325 603 661
919646 257 849
535326 134 671
33477 446 342
7192 307 673
48531 290 650
22526 349 387
147982 319 360
372113 787 930
68118 728 412
182005 739 570
820324 970 491
874076 647 238
545874 241 687
562738 334 275
30416 307 513
268550 469 827
969361 613 467
598509 238 86
273468 241 513
453082 78 210
226979 353 530
691989 953 736
994675 154 109
635218 999 106
345488 278 131
930063 522 400
78277 87 147
841782 575 891
322364 491 201
696831 70 426
141625 115 968
581680 697 875
68034 26 467
660187 707 896
741010 38 210
335417 430 70
288263 198 932
317053 895 502
80876 906 951
133759 17 936
231087 720 577
219559 509 807
880828 238 358
903368 630 369
189832 373 800
28513 604 505
409627 871 525
358583 316 720
290958 379 752
508697 114 395
352535 409 477
274700 934 306
303254 357 316
613108 135 428
800306 334 31
836926 289 41
361281 271 804
807746 596 254
277373 776 527
844396 56 881
374437 243 421
598198 336 397
223339 277 463
88873 935 451
395274 123 306
858701 494 401
616991 310 320
420798 257 764
942265 277 290
811235 978 674
181981 589 86
952255 34 349
597094 989 834
795895 462 895
551153 241 280
865920 531 833
429512 190 490
510837 521 108
960044 196 54
527598 693 237
193683 238 767
504972 449 458
909155 498 859
874863 53 518
496749 357 809
383764 856 746
866305 923 525
33233 55 605
312827 992 70
519731 222 586
564654 889 383
988883 419 882
110153 565 680
532830 322 954
298399 241 261
689779 809 413
576486 918 18
941036 768 619
683359 408 476
651641 61 363
336190 19 391
209214 181 105
710001 920 961
475488 921 108
975697 281 397
995606 944 882
70005 842 233
223584 421 776
106000 432 538
341597 954 686
37648 888 389
177903 497 854
286792 634 397
360165 458 323
851243 123 852
70432 357 760
549997 684 734
267764 911 336
303889 869 386
719059 554 13
690748 797 142
527378 622 672
113780 777 193
240619 346 322
405987 333 518
19188 782 96
756783 427 501
996722 342 301
819819 991 939
207026 282 379
434549 379 32
289803 31 378
769867 15 834
686235 823 223
587843 976 375
973518 385 905
45416 862 429
236425 759 687
422658 819 122
569148 820 55
888769 305 267
513577 61 113
690757 63 295
780398 960 750
29182 891 94
50304 368 746
23084 627 115
894276 506 714
706968 156 718
761901 975 416
636497 89 231
548546 672 958
243408 289 165
664682 434 613
422855 554 697
293683 185 723
977237 576 658
586882 416 232
336205 142 997
876461 66 200
360497 153 840
440831 922 476
903379 291 425
885916 350 930
466204 849 719
723749 54 744
113425 707 806
637378 998 410
292244 197 124
167892 632 948
813188 288 802
643102 760 507
807829 664 345
433818 52 990
294759 654 669
873293 561 532
276293 762 53
276995 549 224
282575 669 151
743425 237 33
260548 255 588
295755 314 374
950154 355 231
550777 799 32
72174 728 598
5448 471 325
408397 500 291
691609 565 995
940065 761 307
78322 434 169
636287 788 576
305890 556 452
243462 425 269
410881 161 235
29304 1000 427
22038 661 258
43207 742 852
237310 708 490
8026 999 824
565643 738 670
469487 71 803
357807 79 66
120977 71 978
235631 911 295
433627 596 400
222708 871 283
66195 843 651
907575 374 995
655028 441 301
903331 851 399
579839 190 284
791912 268 584
194704 369 849
780138 879 427
32253 178 955
986117 452 721
820184 491 876
778143 476 283
420087 418 254
243473 533 908
518469 440 677
197707 746 549
732172 906 482
324353 437 85
160856 492 729
729844 512 717
942800 998 443
925032 579 738
351810 800 949
667121 679 681
370831 338 265
277280 878 183
987487 918 645
474234 875 532
856374 583 758
37249 443 903
49491 981 640
121839 447 591
772135 536 950
297371 934 308
773555 139 689
329941 102 609
616638 729 813
966060 610 708
997825 630 916
605282 959 603
91809 540 271
532336 266 380
352797 192 686
455221 743 455
669541 934 245
933981 121 662
542308 574 414
878256 353 485
533713 913 224
6375 175 172
746024 957 63
296803 718 32
947007 416 80
676236 376 88
804955 689 374
13756 286 602
117458 244 76
766209 990 992
259539 632 103
238424 206 825
725945 604 548
287352 751 637
467901 835 891
670168 51 97
394999 950 666
845424 538 86
921536 972 81
808959 478 71
326819 202 671
852550 307 916
496780 578 372
252851 722 710
543550 273 851
291679 495 421
454803 960 669
859017 417 303
177974 708 752
50824 36 423
17755 451 917
61677 473 851
737376 185 816
443333 954 693
211202 488 93
99683 732 258
354800 345 839
734406 921 963
592450 70 26
640768 388 697
516957 887 574
159851 63 305
782440 846 725
500468 254 140
415184 279 67
669338 303 461
979189 719 283
417447 944 661
585578 800 840
249422 571 740
111231 214 927
41877 777 598
588939 352 841
433768 784 729
239519 384 967
800111 903 557
442591 903 695
594580 616 753
689508 714 77
42818 973 864
991887 568 422
381043 336 398
778146 415 507
390350 343 12
109320 307 185
445456 447 133
19192 810 334
515435 756 498
814881 531 972
389767 342 699
360691 25 488
465937 731 959
174703 700 169
503158 240 71
456655 853 206
946865 667 945
822793 456 429
554924 331 846
76241 532 955
68032 306 400
521875 486 951
267357 395 737
8869 461 903
237054 963 936
608864 908 955
376596 52 194
373924 801 974
120896 646 761
247854 709 883
675342 495 777
665204 688 546
895853 822 46
29941 57 352
453222 177 47
295468 381 256
302532 861 366
815740 319 245
800061 999 186
735966 223 109
909954 372 495
39631 105 507
566611 596 543
265029 242 700
192906 843 784
646420 967 270
295801 571 568
78419 720 725
551307 745 303
75084 192 945
805787 279 18
661616 889 110
227888 684 579
101553 217 288
38808 437 58
178713 390 210
901648 550 233
560082 37 775
185896 216 926
354862 75 921
393023 505 614
254803 637 788
718015 207 238
472276 480 735
898572 647 205
559881 687 652
804195 440 637
829374 926 73
452525 192 804
988052 124 716
695971 15 826
65242 549 990
438132 184 536
611356 230 164
167715 348 578
268069 473 560
938915 946 370
8248 150 402
998276 886 698
912812 723 794
674109 769 621
703612 341 180
285848 194 464
371761 985 151
833825 209 878
715621 98 553
57202 341 81
260080 163 58
584180 807 677
417566 803 195
157889 344 42
985097 201 491
450643 748 926
160235 733 608
310845 265 981
55113 282 25
853709 165 917
341478 164 41
688355 507 442
594430 238 897
701053 262 274
251032 212 413
108906 289 238
96663 169 48
466732 796 412
299774 705 384
240956 840 269
982532 74 113
67597 405 860
458017 665 842
157816 215 40
514283 231 223
63998 118 298
905528 202 541
918103 580 121
785800 950 191
339303 175 433
974261 678 256
163153 967 174
864192 89 760
612271 438 876
779348 816 93
673689 475 819
632448 922 260
560185 763 366
349014 558 844
359589 35 496
32246 417 469
941464 519 740
856747 841 374
657669 237 175
162959 743 460
90194 130 996
28338 956 351
384707 873 453
823015 704 17
476781 939 580
575862 725 588
375036 314 188
812435 91 925
507842 461 157
74496 52 578
969286 575 460
325976 94 680
158750 863 543
369655 816 713
260343 159 300
4932 195 1000
751063 934 531
279732 638 891
935591 502 235
336908 177 662
966227 612 147
118419 585 682
893778 400 792
90096 885 715
654580 770 419
154408 622 8
178741 467 393
382267 851 212
854319 189 750
647480 299 797
271560 447 661
13363 300 890
456987 402 893
724062 20 137
501768 212 525
572547 350 935
53688 584 756
173649 63 922
445311 58 811
998879 967 973
693647 564 383
416385 140 748
855459 669 535
650104 140 890
393030 783 146
373579 305 635
250591 993 789
837781 451 847
29691 664 716
414431 861 181
107552 626 636
510725 699 794
429752 528 839
470573 998 910
710346 793 882
567089 55 524
255598 133 275
683161 634 340
294959 105 808
303750 384 901
489917 970 795
707239 929 181
850186 185 518
513478 730 145
153636 77 902
473341 551 388
279544 343 931
199632 497 159
48941 317 638
763114 654 456
816221 847 840
175270 722 258
168969 446 484
511646 411 671
263493 358 329
169761 340 202
134477 511 139
259540 105 4
368002 201 804
466119 555 350
305432 889 403
665635 839 622
837167 854 197
539883 108 22
97842 392 16
183149 8 787
790907 72 103
914200 805 417
428898 432 166
325588 84 861
319229 930 737
755535 190 695
298022 281 418
483013 70 959
493665 177 308
39906 117 550
40426 961 677
342371 570 998
558646 310 352
815578 247 877
339410 912 587
79415 937 638
390193 281 171
664401 704 550
193773 805 970
979504 698 900
315009 249 664
774435 36 414
334619 742 85
821157 877 614
683773 606 692
855052 744 922
789368 129 508
404428 621 620
276446 628 875
616342 345 682
993741 32 522
433849 152 627
74438 775 378
276334 932 291
502744 63 964
52494 40 639
572811 460 293
771893 924 967
985155 676 107
168306 305 93
329053 329 616
677170 467 349
431334 331 190
894701 574 781
498375 681 83
296068 897 322
179921 903 508
982783 745 357
263480 400 412
668641 777 538
172509 511 554
749675 618 273
349940 990 664
645270 55 935
107464 287 326
356320 690 386
254832 433 591
721611 224 452
277972 948 580
447413 681 373
714893 443 778
279955 306 827
743379 867 40
373341 28 14
453517 495 724
331002 237 31
311321 482 22
613291 859 676
71702 816 126
781685 325 45
870109 12 209
974108 290 361
144355 327 308
321505 268 151
963826 876 624
24496 569 639
237366 900 101
64698 673 873
755220 964 168
887002 309 313
834279 443 51
884651 564 251
548667 69 819
382679 434 688
563435 448 852
546367 835 534
666738 976 247
410486 917 868
162949 491 961
608978 97 562
268410 11 971
711034 808 771
219954 701 511
335069 73 330
62749 625 962
438668 247 428
507571 100 979
923181 667 52
22155 39 595
827201 615 649
328382 984 667
80628 534 295
388422 357 168
916306 125 394
826999 85 156
363920 351 583
194413 724 750
269881 67 198
739374 186 656
813645 976 957
530980 602 248
893904 907 830
562574 851 624
643899 604 161
724078 55 172
446457 98 285
503069 425 638
554016 226 271
283464 958 458
320094 379 885
612349 914 381
485222 361 417
304889 240 563
849729 898 434
127870 862 843
411128 548 191
962680 583 920
708491 379 166
480364 346 314
27365 646 922
396953 564 944
752126 28 995
408666 211 430
873768 904 224
511046 456 755
778936 347 791
870664 750 275
675583 155 149
433247 79 756
471526 614 908
642167 688 137
851802 921 85
249577 972 706
964214 512 297
651442 96 574
479775 966 646
82893 169 205
839502 827 482
38280 139 664
270083 234 596
209820 966 838
781847 970 133
413854 631 132
919916 482 528
721167 266 77
962701 861 975
300889 868 818
893556 856 263
804422 659 6
231404 32 957
82920 700 177
791984 720 412
216265 259 598
4824 502 117
749163 219 710
76366 524 988
996257 666 319
413664 983 514
924688 261 679
150626 870 942
974903 647 338
79007 902 948
400574 319 301
569568 832 121
370139 914 553
510465 251 432
401883 42 814
756859 141 182
22297 625 975
85299 619 824
912804 603 22
140735 217 799
205223 929 380
141583 749 522
395725 424 650
491742 945 514
199272 615 928
338894 957 746
578043 286 451
218448 888 503
884489 753 527
789451 275 952
868828 825 267
76905 260 233
989312 945 948
198945 29 676
660214 127 428
598579 23 864
27785 522 334
452780 889 214
756398 673 806
75654 230 356
963145 959 401
435091 880 962
767064 246 600
635121 52 366
554364 420 102
529277 818 66
923016 570 487
509894 77 645
409009 971 599
498788 930 58
590411 421 826
85270 395 387
594414 94 319
538652 229 872
893919 582 919
796218 937 328
246271 298 610
954579 823 999
516187 857 303
638701 148 973
168473 676 461
77131 894 589
641875 162 128
234924 559 433
194396 168 515
382075 59 56
287897 220 823
923950 291 373
813677 116 316
646662 701 408
871067 525 206
159789 402 814
573939 795 502
524993 157 171
571548 951 451
216190 398 255
733252 496 171
478480 380 515
362399 749 268
289064 206 992
472384 930 972
168260 888 938
404506 591 150
634085 990 292
384179 494 380
877289 786 562
431955 598 383
649127 404 838
944029 147 841
319948 331 151
406755 608 731
586014 246 487
107642 521 841
952603 207 211
588674 504 594
872454 984 703
372323 925 279
316665 738 867
895950 223 185
443357 464 276
889273 467 119
183323 519 785
434320 951 54
235433 321 663
652458 225 305
919181 226 546
407159 613 897
344380 16 804
885394 270 619
470594 917 75
481687 427 844
65312 272 318
53731 66 259
843654 382 259
649164 931 424
807109 970 19
619290 403 635
125431 250 744
422795 656 788
617434 234 621
193972 102 512
710036 442 692
611188 271 996
921010 659 342
200898 29 62
627470 940 704
794249 990 246
962287 426 38
545294 364 899
962933 99 359
998019 86 997
770967 420 529
24049 139 899
394487 954 528
40975 797 314
340027 477 261
939251 972 556
127204 119 553
68273 22 6
406566 128 796
641326 784 367
201240 388 73
753907 164 868
21231 691 682
882276 923 700
990784 548 290
607257 645 434
957699 856 255
805602 974 378
997558 295 468
409418 823 428
329536 494 612
156873 909 211
223085 448 697
727326 205 884
739474 741 439
265596 708 375
187702 713 395
311192 291 967
148482 180 807
863427 833 859
494076 652 545
378092 501 996
923372 255 264
860687 696 809
811233 990 3
831047 265 164
523844 789 314
566646 901 638
434003 768 667
248756 681 690
651864 668 245
376565 741 993
429052 585 340
285027 93 303
489435 809 40
558525 843 929
402992 322 130
967320 749 31
282274 969 500
190776 984 349
173440 458 208
883774 154 91
370603 581 973
777487 383 53
279202 463 474
524065 308 495
210285 595 762
488565 205 313
116542 250 4
803421 455 336
249548 531 403
405216 127 958
737904 789 35
311721 737 346
76005 296 715
459033 477 767
591009 618 116
810540 133 642
179681 633 122
961095 254 85
504205 982 804
220601 796 204
463420 240 484
306485 348 213
8120 496 44
38053 586 990
116556 951 559
240543 235 877
340275 466 940
386213 833 996
729473 724 778
392184 751 574
9750 333 955
866240 767 349
64804 978 860
937644 169 771
803957 937 161
243313 818 612
14401 410 329
42676 272 40
652570 6 111
27620 118 942
555147 660 472
472903 728 517
281835 583 798
760185 38 280
967603 154 195
364853 709 624
729401 576 719
272921 917 126
546787 404 24
165421 702 390
252173 873 401
195331 19 482
249381 408 810
264939 103 251
596899 490 374
263086 138 996
62461 302 505
750134 421 955
273999 358 883
971979 834 279
157367 695 407
548512 111 279
459176 189 296
111733 446 763
168359 942 23
478997 677 719
660572 363 251
543229 54 869
170082 693 745
955924 608 222
236736 443 328
970190 711 15
258025 11 448
640602 56 590
869834 954 445
748532 125 872
46495 266 776
451751 462 801
475172 638 467
725426 599 514
847102 598 860
221438 861 55
484851 142 756
40880 622 997
383547 710 120
523688 475 97
60015 901 365
964502 972 50
587881 650 682
492607 977 111
577316 134 102
268937 448 612
27310 703 593
344176 605 355
453751 346 164
265888 454 286
23384 361 573
859074 943 173
122873 882 113
977903 625 884
733239 281 344
248954 27 857
318313 511 257
686838 386 684
530937 308 292
990505 87 854
251323 813 947
466445 744 226
442435 842 839
15876 999 851
648482 848 493
455589 348 876
371405 566 309
83490 405 676
2568 579 727
893611 946 428
459133 618 126
683151 321 798
418499 692 317
443460 651 641
438509 595 783
936697 403 946
661858 406 675
419374 795 848
446821 859 834
428964 424 278
94569 392 534
361928 41 365
564061 473 355
391930 30 968
370402 407 485
328850 181 582
839380 826 329
600330 509 361
999680 504 116
687330 572 114
974818 910 172
300086 501 380
276889 588 900
764806 276 163
771477 246 428
849972 736 118
965784 811 713
276185 512 424
544268 469 980
903833 435 474
362507 639 660
616693 755 923
854009 224 475
631515 985 907
20668 688 466
315803 78 128
883006 893 991
150775 969 130
538891 861 849
257426 460 32
351793 308 266
401535 829 291
207860 716 787
811182 515 451
572192 42 747
830373 361 837
980007 406 794
150785 539 252
200276 589 723
230835 876 349
275546 621 822
427434 358 153
359598 952 847
88121 716 761
279463 73 627
379432 541 708
490859 241 223
932657 68 276
841238 48 926
157993 236 523
202474 474 265
94077 953 906
828226 351 273
95370 638 904
803522 897 464
684128 336 355
974493 560 746
588971 944 66
258784 130 451
476653 888 203
638790 265 819
927217 262 241
711441 150 943
337630 778 66
786611 198 597
680487 578 34
961652 940 818
627670 607 378
359191 521 618
173332 178 457
244186 580 560
764720 686 398
177015 86 38
568456 704 224
960661 840 129
418259 193 478
342513 313 279
467877 916 658
277452 541 925
67118 724 587
846480 309 13
482079 130 936
894352 452 172
993090 880 531
663521 179 713
722909 324 619
571776 780 279
587084 529 9
183560 343 934
768337 750 463
223637 935 400
501949 420 364
120347 584 469
935099 160 561
879330 872 326
67799 718 283
368963 353 581
164809 135 345
526841 660 744
286499 479 627
403703 516 715
435432 753 763
248506 211 534
244999 914 478
663739 609 357
96204 712 730
585019 601 350
997551 726 259
94957 835 479
81462 44 538
586962 507 765
569296 961 130
485230 232 602
224458 90 745
851039 419 300
89889 360 631
634248 270 831
107539 883 354
417602 741 411
29418 264 164
420408 486 539
405039 754 200
458952 444 60
299831 456 543
13728 690 574
479621 352 192
744361 638 845
809276 222 915
507444 584 645
20913 736 644
714031 139 28
344157 697 455
507700 734 204
44069 43 356
558427 685 292
621658 404 989
801193 933 638
895390 791 447
197305 710 882
212825 645 859
130606 48 667
392630 477 661
658022 546 181
961440 9 251
580946 814 92
266033 66 908
821550 727 561
516987 5 428
202315 783 339
537150 47 297
187339 603 178
793861 900 392
437125 883 516
562659 196 262
870297 84 606
10427 366 969
566382 362 543
771026 200 444
385783 62 388
490824 215 104
965428 106 129
707213 919 885
842942 298 111
30715 339 980
704070 761 705
584281 209 810
316929 578 66
254703 993 669
164456 467 285
595235 127 281
158492 292 515
708934 525 675
164875 988 457
420730 372 363
854428 836 721
206444 658 443
682885 36 244
649894 387 105
881107 129 156
352384 590 533
264583 186 601
725864 821 922
262065 261 545
563210 270 514
545293 728 358
317628 927 192
157857 599 117
610985 379 963
766055 803 524
722028 205 400
851860 605 898
705238 277 917
666907 77 462
552551 633 78
815040 979 360
108481 941 298
804401 578 587
637589 648 161
565661 96 494
6707 61 60
204472 350 800
793199 61 894
159657 321 41
60911 9 510
4355 817 775
829042 301 667
638817 814 211
712142 693 677
474868 718 941
108484 216 517
416254 469 593
773295 5 886
377002 268 706
903318 127 634
266246 252 708
376506 653 690
988913 26 775
436484 497 840
193607 304 818
126195 293 923
449954 198 513
337507 135 72
974050 483 80
190474 693 456
413643 961 916
755807 332 982
721332 879 660
600837 501 891
146709 473 644
19940 155 661
411244 705 867
209972 444 664
500915 394 159
575845 57 471
917425 427 687
543102 245 681
849832 285 821
526661 199 945
327364 501 596
440470 501 703
590616 106 651
292949 626 520
895410 385 55
438896 758 287
485059 273 255
611453 559 723
930865 566 44
674545 992 849
303402 20 211
635567 310 83
290646 695 287
616083 483 168
350822 546 112
735561 58 688
943903 705 764
599973 920 327
60577 227 162
883063 678 693
156124 762 567
414569 596 241
197107 671 924
761214 321 92
202092 276 160
246165 160 295
897065 819 266
320151 989 395
133620 431 584
758482 960 808
950660 692 470
347668 190 786
892097 874 673
829097 652 30
57764 695 278
725919 504 992
697269 8 844
500709 113 400
303772 519 163
955563 683 297
770432 70 999
143354 541 810
230437 711 277
78112 996 729
353916 539 833
34099 106 355
79017 554 18
971835 547 216
16760 919 807
577640 248 696
928126 99 826
264318 469 300
614885 710 40
385593 794 873
474012 629 96
867558 753 310
291797 806 159
54265 646 982
262608 7 791
943782 126 788
449856 99 769
52243 358 459
946332 626 89
863301 320 579
361715 584 518
993838 442 205
461759 487 146
274930 844 585
168686 957 835
7218 239 338
925852 856 19
898360 509 357
627982 392 995
239635 633 50
423588 784 166
551937 881 232
7779 929 622
403661 992 494
857852 474 295
202088 888 404
947126 354 867
587955 922 758
914212 798 597
320475 169 750
644125 835 465
640386 496 722
757269 381 292
688621 232 624
683721 103 545
200931 480 736
296454 373 966
197235 71 893
466741 274 248
545367 40 283
609742 803 211
930931 446 907
488290 949 567
836792 614 701
824840 143 977
246440 903 250
241581 843 985
799358 990 20
546771 311 741
82342 365 272
645858 892 24
842572 144 343
84190 278 944
791648 983 774
608659 273 221
146527 551 763
221314 499 634
729896 752 483
580205 90 105
424676 142 234
739423 842 637
717009 653 499
283351 462 801
102046 61 446
289584 3 413
335223 603 901
666320 556 855
317375 831 625
625252 913 67
876401 55 809
264053 726 90
511093 788 863
851093 566 846
981657 294 122
824658 443 261
700611 709 501
89451 649 726
314781 548 599
293209 671 973
474283 412 974
59393 731 557
223689 890 520
293845 451 559
536516 955 719
163210 905 177
641374 998 644
596292 231 677
7382 271 843
877465 890 363
821019 492 396
501595 508 341
209577 829 337
427235 100 635
309132 811 257
524004 525 656
611279 93 859
957900 370 378
234612 878 991
800120 694 91
926241 272 11
851809 275 614
685688 257 489
885124 183 447
810736 785 466
99325 677 54
962015 45 640
547628 557 767
538854 714 618
520545 274 743
261353 202 820
324564 388 245
947209 804 168
433693 518 117
473443 918 6
572586 409 918
190494 83 183
564465 359 273
789572 141 119
943693 499 303
582956 595 256
449243 203 818
785263 336 796
558113 723 551
413078 718 148
933817 624 343
823867 390 265
707922 629 802
730987 196 165
139154 692 390
820046 716 428
861223 447 668
162132 7 785
74050 193 253
296780 165 986
111468 599 420
285195 693 143
125251 892 886
72917 901 757
119652 346 64
189493 299 135
61850 677 529
508728 753 116
222553 552 875
437489 89 202
436967 116 818
781675 942 239
685443 615 821
393869 860 871
869816 624 317
374434 155 288
658100 582 884
789050 878 803
391135 283 274
630875 979 595
765162 15 289
697805 686 972
492475 728 408
491471 508 299
907382 447 24
355235 468 298
969376 592 780
642450 747 33
888934 658 887
455575 990 242
756902 825 737
290581 590 924
227099 154 108
535295 340 385
800627 532 412
637692 728 154
117467 638 794
397847 327 377
923298 628 571
435496 120 196
54451 805 417
36616 273 919
507314 565 317
43644 611 732
364943 265 802
755084 705 973
575573 793 64
869367 56 352
828459 833 610
952806 211 613
152174 980 866
567138 594 176
975336 776 94
972296 697 125
213722 766 813
214045 934 36
487666 235 160
51608 265 667
722258 996 460
996418 736 425
835937 433 733
754632 194 633
977634 150 599
534470 395 632
95647 565 744
165673 386 650
908949 556 313
531102 250 629
746378 642 582
394647 5 940
534565 693 741
338604 237 16
110504 65 927
653553 557 791
435972 254 801
307481 218 366
498900 21 695
970678 239 391
750938 952 451
253567 288 184
677980 988 341
385345 472 838
516581 764 251
561306 774 80
782855 103 959
544962 475 313
754235 860 593
181894 582 145
569136 626 727
779288 699 411
300134 548 134
559507 307 573
226921 812 190
296931 638 438
817126 950 733
255474 553 928
115377 823 218
433727 584 299
998250 223 949
426499 819 242
202567 9 483
431554 476 356
784273 726 629
821537 326 321
885331 273 565
315665 575 441
777152 817 441
445739 817 453
44641 323 856
145578 346 36
566234 342 240
123467 341 924
746252 335 476
113850 146 450
137422 505 806
105824 552 947
239919 333 285
132542 543 933
642733 59 67
907426 297 68
760295 658 201
167827 909 760
599813 689 66
888636 828 839
680126 55 304
180004 579 92
543956 896 348
388751 792 124
347700 444 226
107533 320 23
943743 817 815
427061 6 562
559703 778 52
279421 429 210
257252 606 496
776900 477 962
660147 873 368
276282 430 629
950644 329 77
722655 603 955
575885 682 892
592894 894 430
591475 461 228
565200 141 141
86857 976 733
540849 332 474
295349 540 880
662845 823 775
614237 444 885
516619 81 690
363910 601 511
729305 607 548
993273 251 727
30291 695 747
495077 963 530
496997 59 7
558487 993 65
312227 841 741
368625 924 850
850652 92 495
968248 454 8
553384 364 23
888878 201 103
676532 147 97
180917 192 106
301252 157 264
670343 32 877
491047 394 273
971776 211 838
851865 760 63
990337 169 335
163558 719 978
322609 672 688
122595 611 618
825128 850 497
918541 923 819
319726 66 266
999458 649 79
342143 939 327
7016 725 985
327084 463 104
861595 654 953
587868 838 278
639749 35 747
95307 269 574
766445 201 797
71415 484 740
924729 982 344
544048 526 672
63354 145 69
421279 736 538
482260 846 118
960465 235 754
866719 311 456
741622 542 140
788246 140 322
990815 904 226
871412 809 663
233278 640 20
795925 955 996
122212 752 697
439549 435 961
679264 212 751
501408 999 917
731097 237 619
754714 344 804
396993 152 574
138118 968 626
118521 638 32
906755 810 616
446376 766 74
943599 78 199
802997 721 311
575831 137 211
187531 538 398
666431 693 483
64141 135 175
447613 441 178
350653 963 357
256997 289 442
150144 492 983
327128 379 482
973354 938 195
300092 88 228
524560 578 613
131113 23 680
106559 954 754
133011 221 24
784068 89 162
356162 277 227
206971 579 85
339749 79 383
106879 10 631
178048 728 437
465499 700 503
579036 170 246
155789 841 612
851962 462 20
309696 288 309
928365 164 825
468742 402 683
546723 466 712
602407 123 573
764983 28 238
225849 485 809
248857 403 116
970518 585 333
546210 573 873
208218 261 480
964398 440 855
224163 803 357
636997 660 888
109584 611 707
225463 394 472
79402 563 598
814887 634 227
958843 525 281
760155 941 806
982024 668 129
478053 444 330
688662 594 797
762099 435 446
262709 669 221
956068 485 912
657430 702 745
584658 451 66
177212 895 782
517494 925 553
673192 794 974
473781 746 550
985344 70 117
960913 459 923
417934 988 244
205020 228 126
887328 218 189
641769 676 754
233158 457 239
341202 476 763
931722 20 745
362446 994 50
521045 655 560
849075 208 932
864044 743 680
322478 625 130
433683 843 519
815986 27 467
667692 335 67
126817 156 340
474327 329 565
466397 872 467
894453 696 952
769421 15 789
15343 581 978
508851 723 51
741118 170 898
43407 920 920
888615 184 884
86477 783 183
268337 577 838
671688 128 320
393768 664 449
207112 471 550
423668 538 630
690114 594 317
685137 923 276
587815 754 96
734691 297 822
241562 720 12
823498 892 854
210896 772 755
444298 7 508
699799 756 255
909496 645 77
202709 674 426
954127 674 92
260796 550 558
946500 215 487
701355 198 875
938229 848 873
722199 196 371
398587 730 38
245639 867 244
778894 755 179
908754 795 525
450954 724 8
950613 351 39
596697 689 548
146669 796 657
121691 174 402
191673 780 274
578134 588 322
548761 958 608
438236 242 964
835890 591 339
509497 130 527
601582 444 66
918623 732 953
461866 900 271
515650 279 968
229347 998 967
841703 663 40
234326 743 401
636187 388 830
73158 335 565
635857 627 757
265950 943 617
51994 928 351
969899 142 641
140219 61 462
649488 60 181
407802 978 411
730373 39 29
637378 367 118
817466 525 421
747817 138 150
808728 992 366
954999 249 649
809339 563 497
136878 969 600
696716 670 604
460635 965 539
118175 828 530
79808 981 653
781932 390 618
492471 206 697
660119 848 782
79915 475 724
626216 357 598
179757 414 836
284550 479 880
131324 449 591
278532 200 651
515560 18 722
216284 541 296
796942 196 331
887764 241 566
874983 196 99
582132 461 97
243829 182 856
125507 110 956
886687 432 599
569506 900 541
390958 428 329
413084 881 166
151125 434 120
73635 190 41
333576 774 859
689337 703 668
199590 696 261
949638 785 782
943024 251 889
295246 978 91
876196 669 461
545803 270 595
444534 27 927
730042 6 563
198171 654 712
692131 509 267
224767 447 206
847440 777 850
236032 418 702
896991 972 962
728706 959 681
824419 88 742
883767 801 408
135857 819 47
596268 494 650
716352 608 926
941757 86 310
823283 795 511
588607 521 975
365500 724 116
813913 869 68
157390 908 942
50256 609 102
962329 458 800
162428 526 951
235848 448 538
104143 804 344
597744 744 707
175493 308 299
249640 320 565
534771 854 128
606798 618 451
438823 843 114
575252 146 257
4943 666 259
85524 969 611
662727 320 232
288302 924 992
884720 71 747
773278 795 255
595496 554 406
182407 112 398
168745 389 89
467 526 12
812366 936 255
449693 439 721
468030 683 16
111982 602 563
901493 745 593
314998 813 451
847438 773 609
446843 755 968
548272 192 762
325335 29 285
83620 719 421
956327 303 197
397606 267 503
908229 137 746
737143 93 39
309996 924 780
461859 456 758
694937 323 494
479102 209 974
353422 346 405
611738 987 63
281962 637 19
516034 810 434
961434 485 421
493939 571 520
951119 679 783
164171 111 700
59232 788 980
256380 745 871
486878 904 70
246468 938 435
125180 884 579
553800 665 255
168102 788 479
139899 786 9
151351 332 9
669355 142 432
84058 13 292
535233 298 957
207165 343 932
725080 306 515
986354 275 770
179199 791 90
276188 279 438
149466 66 128
924439 168 94
318489 635 241
913165 273 962
190649 994 200
763752 543 794
269053 808 514
948075 190 505
502754 645 239
716637 2 193
688113 519 504
774191 30 396
702204 849 182
527624 98 442
652227 78 714
155779 236 692
303274 653 737
960626 7 951
876707 686 571
928610 808 33
808514 708 188
385594 746 458
461016 908 314
492706 141 165
769770 399 228
72153 117 310
801393 644 342
515621 152 266
500078 864 418
887901 689 988
511975 696 482
160014 832 459
443700 626 622
278589 381 714
876039 147 295
917902 608 586
919104 441 566
258377 130 333
891119 138 476
226474 789 596
215574 73 878
659356 329 622
662678 847 350
26153 796 220
679473 691 169
479431 514 121
34316 563 132
932920 294 110
890495 979 694
200075 202 362
567729 157 419
267973 563 28
981467 393 576
390357 482 358
23725 624 832
765007 744 769
69528 14 791
953056 434 379
780750 361 173
73469 48 669
421000 166 68
711387 159 163
823490 914 112
191034 734 882
930389 738 567
680238 652 970
973842 457 514
421246 172 647
386091 226 322
830125 470 15
39516 191 632
399903 159 654
776225 443 816
673143 71 566
626945 74 216
684128 274 420
782294 852 256
395556 999 158
199568 711 688
62872 811 831
45448 140 727
774638 519 14
521452 369 84
941642 356 283
280451 619 996
230610 502 401
47301 13 577
658810 504 402
405461 839 654
608427 591 676
407190 272 433
637820 334 64
988331 317 779
677167 32 178
724908 352 805
310626 118 758
339464 341 853
948349 907 266
30879 947 405
636068 366 846
730425 734 424
998364 957 626
323214 289 736
514321 839 974
759037 998 783
28673 894 809
534251 606 288
878863 731 151
834593 308 111
493569 227 54
33244 557 47
601086 591 951
394306 969 728
619645 928 530
941431 550 543
573573 296 732
84640 536 302
437123 596 44
960587 529 809
470277 88 796
703897 854 682
306206 849 717
497166 255 189
65739 588 59
97673 739 844
226417 802 813
550587 51 361
873671 150 796
686912 566 882
118964 473 308
933447 182 966
818508 670 986
822361 184 106
345507 967 890
156398 632 792
278693 296 753
957605 104 240
340668 412 931
361050 755 790
64213 369 187
835153 624 509
792662 411 535
701164 734 365
378783 820 162
840543 262 449
447689 218 312
924557 122 320
776047 817 459
777672 300 110
158685 603 79
179709 454 597
669824 939 392
232773 543 734
998139 377 62
448156 944 596
888414 990 688
426978 29 421
871171 220 821
165941 444 228
35461 290 849
239449 936 666
530399 831 537
206488 900 565
593213 348 39
354475 795 76
3867 403 250
924001 715 526
25427 772 606
776731 962 813
374625 194 118
751384 281 110
254374 390 148
799479 201 924
908250 327 149
550559 771 250
163622 780 268
799496 228 788
974235 809 818
421119 666 496
914375 239 318
808974 438 345
919936 91 891
792178 650 429
278000 171 229
807908 689 609
441214 623 305
404759 843 109
923304 40 982
230256 861 979
523567 235 847
583310 133 847
399838 917 187
329082 207 645
777874 999 484
360327 711 977
314572 387 393
571079 692 563
278251 262 718
817614 377 126
451424 399 683
176424 230 520
874845 7 61
356000 64 135
962644 10 455
295650 445 86
967814 286 41
425944 881 899
479829 323 365
371820 669 352
153943 26 767
983730 83 904
814714 284 334
638340 455 177
42407 668 70
367954 952 658
556459 739 214
123162 142 689
76871 845 279
65843 26 213
653055 905 592
796825 714 286
346474 455 548
390172 148 73
800639 201 236
933247 296 133
435243 152 474
137143 16 633
903474 665 9
135712 12 657
868423 596 60
340523 407 952
322835 957 972
378952 782 499
315864 866 750
382375 403 165
164171 791 238
990581 630 844
415557 478 165
803167 636 544
595898 952 292
114732 989 13
575381 576 617
351218 312 966
291123 24 509
625574 465 924
161331 71 492
733176 6 901
666681 62 615
527962 347 826
427396 803 919
530091 117 819
108146 38 739
589165 121 249
274856 343 907
453636 970 855
621179 555 42
881721 188 318
741106 650 136
389151 128 716
400937 219 398
817234 180 969
224791 155 554
265590 829 931
216959 411 866
86979 752 666
708629 734 409
672880 327 657
194593 574 231
449059 971 648
25507 402 482
272156 791 370
387162 333 138
500399 340 742
360279 352 859
265651 616 933
33398 39 189
574978 164 499
53954 101 142
863553 698 321
11592 295 591
699436 194 587
422827 59 29
165997 275 906
475543 143 187
899128 361 889
162376 908 449
211251 68 725
754886 731 275
920317 587 647
326115 169 345
394893 141 374
269858 555 181
828708 462 877
882359 311 653
245134 761 161
741958 82 392
916547 548 227
50855 521 160
17841 981 121
211740 279 774
271661 606 219
7318 408 294
383498 658 393
648515 575 474
443101 810 661
545223 459 67
784775 562 102
68449 85 651
510534 780 821
980538 610 284
847483 391 842
917586 175 22
957571 470 137
933172 974 368
17791 751 83
161070 145 837
58838 525 161
184156 542 584
713706 61 494
558269 645 79
713008 831 661
675505 452 515
697618 89 409
307637 29 248
320890 818 591
562215 763 75
565792 293 975
597034 186 207
378557 14 585
908856 627 296
243412 647 65
747452 837 153
878048 276 165
727701 412 11
793012 883 690
756078 975 605
807336 124 519
614484 258 241
362499 505 960
206513 383 671
236517 888 397
272056 487 1000
511382 599 300
127807 613 426
442101 855 672
677046 436 563
847050 644 550
381466 398 464
64833 43 978
306343 498 26
236258 158 65
54743 317 558
74780 416 573
142051 388 611
826382 33 757
214682 704 167
582962 211 7
462507 732 151
229986 742 265
721921 481 250
490332 406 296
708495 975 597
381420 551 968
487225 569 506
431159 468 235
466735 621 548
905892 756 801
686757 175 958
251755 524 775
824575 791 524
31943 301 928
56798 527 70
90619 853 689
150734 973 23
15292 66 57
358172 841 102
957367 994 940
526496 532 518
87553 30 794
583987 965 899
232392 119 73
309907 506 290
534977 537 247
380550 65 54
625482 257 258
608434 543 722
27866 213 563
934797 842 600
918481 542 46
745251 582 149
192360 507 814
332769 216 349
232807 165 977
578429 193 136
774701 969 418
429806 413 789
870737 9 111
76427 876 818
811937 881 711
912158 484 781
833383 188 591
397254 232 291
234501 898 644
379682 175 280
500944 592 533
573294 108 37
518876 185 301
492428 115 136
471034 652 528
834125 747 749
353205 793 61
191243 436 146
342489 739 62
743772 11 59
972059 255 774
593893 621 731
508270 963 932
102182 396 413
365558 639 157
912572 156 110
25303 920 553
388494 181 76
869066 555 697
880168 672 682
785852 975 161
166084 390 30
59689 806 30
898783 28 253
620448 253 772
450457 670 115
608430 764 348
905333 883 159
465106 389 727
772788 740 514
91155 202 862
315969 33 373
508349 458 693
545081 583 543
966459 11 645
43 134 460
196059 767 798
811578 420 357
704732 118 421
659289 331 260
877611 706 581
573098 511 198
134360 553 391
404296 908 821
869145 707 228
396153 232 834
330182 393 860
532906 725 502
297279 505 221
293976 233 609
255552 157 936
291119 629 803
249349 394 184
195884 410 732
861791 678 147
453140 793 682
488660 597 883
940372 374 581
912143 219 943
547712 537 209
824109 443 477
365364 518 83
395235 28 772
249062 459 91
310140 407 635
68500 368 137
771425 198 466
539343 764 509
40072 381 91
814010 465 444
730744 592 339
79183 717 485
166731 422 754
280924 425 112
552855 374 338
532076 958 346
819454 387 167
856829 812 174
946662 352 567
399112 216 248
160961 702 241
6683 606 117
369058 357 352
148077 649 440
104252 45 21
884235 506 91
808128 787 746
356059 799 797
155360 115 644
469960 82 620
99709 48 922
824299 535 40
110512 50 118
513939 433 279
475286 514 208
144684 862 977
775349 686 828
473841 330 751
432310 332 687
218379 99 5
543482 16 772
228526 988 8
493253 797 991
722470 624 682
659384 938 808
583199 302 986
290665 915 232
661219 56 479
724054 102 347
677545 715 957
445181 927 939
640389 305 986
540973 222 347
991533 315 469
899906 667 538
128356 836 616
884295 11 436
925529 641 332
383357 715 20
216297 511 948
261481 378 336
134669 348 615
823792 853 942
724465 740 884
939753 94 930
772520 540 218
572105 267 965
385689 758 576
529747 70 44
28687 193 855
78310 319 802
628421 755 971
381493 971 935
906399 706 601
893230 931 824
306699 578 536
686624 514 578
681973 66 899
738912 227 66
830786 740 830
268509 911 412
56915 205 114
263351 909 953
662745 993 910
749727 578 857
611823 338 794
462007 324 338
332613 300 515
558525 10 961
467528 617 266
663252 400 466
570999 143 920
357361 202 953
172030 173 845
543666 715 81
337176 228 754
205327 668 241
852910 591 974
985963 271 200
932569 496 9
407946 61 567
740288 399 412
662108 327 50
597142 931 330
764826 204 281
122536 173 190
704229 711 570
670247 810 606
969641 582 29
387069 729 144
311536 339 252
159297 861 638
461023 77 881
342424 724 880
870744 860 83
16305 213 701
528156 741 611
657053 722 438
325685 170 406
723556 71 450
947553 51 613
500885 804 875
629884 841 397
45506 39 313
79839 462 993
842991 445 830
157595 464 624
984434 274 788
562639 352 361
575589 740 803
523936 380 927
945649 523 387
770399 429 802
664429 669 514
378620 102 626
618843 352 983
132538 736 935
12722 651 622
124533 557 634
470050 615 117
774772 199 787
323359 288 380
427201 253 32
904779 290 465
707155 678 294
410478 16 496
555833 154 281
660910 537 468
423629 103 188
968368 451 440
670688 746 349
574146 757 680
58379 763 996
942889 501 493
363283 191 67
248547 888 479
323349 417 732
672584 410 879
326428 91 469
455222 448 322
229164 397 521
740688 168 187
198964 968 757
481901 621 319
547841 921 866
655206 458 163
997372 420 950
609219 808 93
513162 236 297
734063 156 540
856944 785 920
121923 938 409
16584 631 893
962639 568 937
881363 159 881
267046 898 507
980115 378 220
556506 308 619
373757 69 416
576886 33 180
388110 254 827
928973 42 390
81147 837 764
90733 758 913
923671 462 713
989639 589 350
892986 771 127
291199 409 716
686019 465 303
825492 278 263
773688 789 717
751956 938 345
573895 687 893
774469 578 794
250380 666 785
390614 109 246
781159 80 149
670383 203 368
413713 619 274
839601 208 281
400057 292 14
406125 897 348
208865 226 400
222087 315 963
727826 674 346
798552 329 541
703997 295 799
289035 713 989
287973 839 22
209653 551 867
564541 287 834
606561 180 891
660767 629 225
944785 951 868
801542 991 365
155300 978 442
607836 293 806
370251 294 645
721918 366 710
875474 507 787
462879 404 328
438715 617 52
17015 297 967
585360 480 869
768750 119 818
524684 503 162
404003 235 986
681315 701 45
246693 24 316
785561 967 463
800840 344 796
406428 266 857
764068 675 105
1670 511 75
262395 813 841
216720 399 875
498673 363 447
867377 659 976
153031 997 727
444414 925 568
652966 528 25
190965 83 181
927273 470 567
680001 280 943
832368 272 973
413697 368 61
251500 868 319
473687 27 866
558892 716 160
347218 646 794
731016 221 670
357074 256 101
596362 924 870
251035 177 463
415927 801 158
250041 391 43
306027 218 31
948758 667 766
275295 963 270
229606 311 735
977591 92 199
566771 143 679
386850 661 315
208412 369 301
288195 438 605
429701 248 247
259874 808 273
989098 971 827
12279 847 422
988953 541 857
359882 717 834
524660 743 198
931460 278 884
453478 551 831
533166 884 421
830946 401 861
638290 12 193
671161 72 632
144927 871 503
173154 470 114
742442 768 778
860133 168 371
756951 658 31
749034 914 337
163081 487 896
268132 625 806
170148 401 633
646776 408 235
39283 123 505
538397 484 524
219297 223 915
436714 322 256
6571 447 261
409287 89 214
434339 321 860
434898 827 480
16737 174 41
206915 591 417
22715 499 23
513764 699 591
441472 666 276
391458 496 26
629051 830 151
992035 987 342
475814 340 489
721760 694 948
692399 306 768
705619 442 324
856255 963 741
178478 17 730
292735 489 20
595194 271 346
197447 994 628
926048 326 952
750709 679 120
687436 949 637
255425 762 929
312609 312 973
440674 935 72
490216 928 604
450095 642 823
210582 257 230
509406 239 514
374238 421 303
336193 15 153
656789 744 588
281291 524 595
356387 588 949
946077 316 624
208689 297 12
127739 540 424
602671 125 817
509481 548 80
698112 748 263
911632 647 365
199642 129 259
971236 321 831
14547 118 926
3728 175 346
147738 957 607
976641 177 115
4098 797 365
790254 988 288
819233 697 777
483178 613 674
669885 105 115
514958 382 838
481611 166 406
617931 821 192
192770 926 891
469859 875 171
76047 265 809
259308 478 180
691039 563 610
701608 894 877
329425 867 973
838981 751 318
930210 153 185
582448 116 970
851754 392 810
657834 133 363
334682 550 720
808261 317 238
694955 532 726
608967 192 420
959679 556 963
507883 46 193
178542 930 492
453200 6 764
251274 468 531
679528 16 830
765134 362 870
910795 2 213
47216 900 277
330334 911 812
199774 742 524
759109 39 104
808138 571 987
697886 128 266
150114 420 84
733009 755 634
104394 43 222
540265 738 812
126672 88 443
166978 808 534
743186 113 812
453260 206 678
685369 654 115
389551 21 714
268682 628 727
147062 310 812
34943 62 428
840576 835 104
385477 718 652
237508 488 965
266977 220 680
505559 197 302
102752 927 94
467428 659 531
485289 386 441
22292 405 165
278540 844 160
446765 767 460
323894 438 570
732134 4 534
523910 166 88
591307 598 662
697047 448 332
819024 537 226
552829 164 736
550449 500 939
912313 377 44
840634 133 787
966325 805 673
67889 541 838
558242 153 797
679049 641 864
847155 557 231
852692 198 244
535211 799 573
747125 201 5
871227 191 815
119457 424 761
571999 514 935
985143 66 992
597797 803 136
367778 132 52
808117 833 593
751657 592 931
800971 797 379
595675 953 40
416354 536 597
465371 112 789
493367 396 667
464972 530 847
904210 786 75
590586 384 252
215855 57 99
32486 191 803
395119 773 962
561148 639 591
984903 832 226
41099 144 426
547149 82 301
928758 492 213
900604 873 40
210562 472 914
35276 280 402
439733 364 243
622521 324 492
890464 97 717
517209 384 535
742076 318 759
190442 560 15
404289 254 916
795806 155 754
843241 919 359
343301 763 834
898986 181 926
211823 498 833
763485 420 388
395653 3 487
237687 273 919
46558 676 223
348129 142 662
658929 56 507
532405 994 828
538988 971 841
555117 845 124
771679 185 1000
875806 855 179
387733 867 152
359917 962 716
183944 810 72
665147 314 949
541389 112 567
332065 348 477
978615 403 823
323686 916 94
393880 677 843
976307 263 470
942689 636 124
756662 390 772
978199 31 78
60003 395 752
236708 835 33
363943 728 536
29784 420 958
357805 252 512
801036 366 55
197289 414 920
570681 329 954
490586 341 188
968941 564 109
633046 657 758
38173 996 112
77084 316 740
654920 288 287
420603 807 232
655444 842 709
804312 549 285
70656 78 139
737379 54 962
9281 127 868
697503 655 218
962120 175 785
933548 154 189
109233 263 423
832099 626 13
560943 186 487
223852 964 731
134960 722 514
929353 39 711
148660 577 898
909053 121 996
395207 36 473
781100 853 414
425178 914 563
334847 126 604
314766 78 669
452359 902 870
353060 922 674
951790 942 534
920787 260 347
587759 613 412
696460 515 637
183844 313 672
424355 28 449
388994 609 767
282470 36 755
366793 761 225
624123 101 871
307621 269 17
393483 425 71
92684 165 2
231299 309 588
37442 142 712
17 749 689
445049 198 316
156169 798 586
740282 833 69
674600 97 772
924725 937 417
395170 728 725
664731 726 369
837756 111 754
853801 303 231
631401 191 899
984973 594 864
173756 405 241
119791 910 96
922510 446 289
679084 976 657
73566 800 521
820470 631 147
245551 697 345
234704 400 540
124788 3 15
805837 520 201
208827 832 563
813668 429 522
162977 528 737
904394 22 644
854475 895 211
151924 297 459
827512 456 926
301569 485 903
344597 877 841
584558 236 729
585589 564 282
503974 355 399
320457 967 30
149205 98 896
569067 296 277
563251 446 137
882630 767 818
976004 659 31
303761 196 807
171792 290 885
90505 214 208
541506 519 14
877694 875 368
943649 436 408
920929 600 828
406853 909 795
454263 766 821
308913 971 524
412786 987 142
587546 938 895
145476 968 130
600256 889 502
547606 612 386
211385 104 570
544443 285 266
774692 129 535
688043 750 216
364265 366 955
596737 881 500
325672 664 837
856739 995 459
298091 333 386
502105 548 238
395673 850 716
11922 264 465
216835 354 286
46499 797 311
286725 686 39
965642 674 170
618407 687 47
306090 486 749
298722 563 771
528786 154 948
421966 512 138
193550 439 415
102047 293 645
760057 878 471
954173 66 331
886574 562 612
897995 929 441
600090 758 598
708798 803 666
196435 145 38
414202 83 615
914761 409 462
163959 2 920
952801 980 334
650591 770 304
203247 735 43
772664 740 65
661766 714 325
963070 890 962
290283 502 909
46934 523 238
945936 173 84
94293 952 431
815271 793 619
415548 315 829
109416 449 338
470289 935 108
675592 677 205
382950 120 646
632936 219 131
318502 139 766
939574 72 708
548967 241 961
273604 254 513
59299 948 570
991421 536 296
188310 866 984
239321 979 52
931510 987 65
359214 729 703
279427 887 221
122263 867 539
339951 548 274
951777 24 141
854937 950 925
842504 32 49
660744 819 117
769322 804 725
133258 636 44
492386 700 25
91946 783 676
549476 29 994
730144 977 533
115216 834 940
967858 697 981
121795 992 4
576114 528 246
746259 451 262
85590 374 452
438055 314 150
661700 601 660
391159 926 270
11683 574 709
359745 543 847
135735 363 798
171744 988 466
357004 916 582
791725 478 312
603308 473 914
126481 742 70
146660 754 322
207051 981 241
325196 716 821
250676 952 290
644761 513 785
302882 97 455
747276 556 515
42141 686 157
394822 763 43
964469 455 58
521541 720 927
301838 731 176
297326 510 441
799709 446 477
165998 825 91
117979 474 33
803518 883 945
494508 914 805
756794 30 946
249896 920 584
482461 911 62
726891 548 28
588077 259 228
943342 533 30
933029 238 87
48359 389 164
321492 104 251
732422 899 939
824678 902 845
48571 885 725
766214 919 336
597169 896 338
572645 416 274
253056 517 672
389284 604 439
783268 776 204
485668 324 315
341849 990 938
905021 254 810
871457 607 456
973446 805 650
741183 742 876
786588 165 734
490709 966 800
659924 364 453
544370 703 585
219375 421 637
880111 976 772
397613 970 217
968321 296 539
448381 737 694
957035 704 407
146441 233 584
635522 582 473
806294 44 825
103836 881 413
589375 745 244
186902 731 180
107548 150 262
554206 754 4
507426 734 523
76383 297 264
634144 163 186
506408 548 324
568544 317 295
418304 149 804
438045 23 674
441161 216 521
78699 562 801
850386 120 581
668917 125 612
838890 917 358
996490 976 423
96993 952 728
91041 373 922
608418 869 602
20811 944 836
120219 444 155
680303 268 652
853783 235 471
437756 451 453
446017 539 110
164574 427 171
50932 724 748
102740 668 71
937267 287 641
577641 144 794
111702 505 470
371608 448 734
95707 200 425
752664 584 716
298213 893 303
532982 535 82
208947 718 155
679549 435 19
682697 133 675
354346 977 270
171136 326 439
419323 393 688
518112 63 834
410830 372 746
22550 597 65
653980 129 453
600318 411 416
873558 225 490
683997 820 323
355616 236 267
52415 943 955
717589 480 806
707227 579 507
128913 793 211
750370 660 924
595655 718 640
891807 455 257
209013 58 305
975470 420 153
153163 22 638
157564 101 999
89382 344 7
118154 161 645
264042 194 536
972803 406 611
822284 546 32
646283 940 141
363068 527 128
330636 406 957
501758 318 127
218196 985 82
747283 710 466
761312 399 293
792360 537 539
569813 593 665
937236 947 208
86218 778 551
806466 634 715
163953 728 354
871525 920 636
555132 756 656
741125 413 448
691241 12 84
123938 78 242
198131 781 558
282628 777 342
207195 260 227
192327 688 745
390643 52 742
412808 826 830
781039 626 444
904167 499 901
465748 522 684
423658 850 434
699111 308 45
72598 575 726
399095 176 50
530941 934 806
562937 916 951
615827 111 833
578067 954 266
13780 290 313
658581 893 526
520076 892 306
382920 834 27
602620 870 595
451842 51 582
271153 486 181
858989 912 313
63177 298 146
963313 268 244
53878 710 920
893835 289 241
235129 555 818
653297 448 703
851554 501 976
339758 312 350
763258 11 595
492707 840 157
244509 3 66
6655 444 815
274328 711 221
426509 603 870
355706 728 482
589886 635 801
567226 586 23
673818 17 705
730268 547 645
643629 496 4
407116 118 331
886093 413 131
705592 607 721
989908 341 57
822986 4 257
526363 844 38
127128 581 419
415095 29 481
267210 652 487
274447 892 412
204314 698 65
793537 691 295
824582 560 841
109171 421 884
37843 547 468
45204 770 669
24702 124 982
251625 106 222
260300 413 489
513720 213 753
604328 326 672
415980 566 439
995256 975 684
691039 371 902
202539 849 360
463761 98 133
525973 322 388
971798 442 757
30547 857 874
109131 652 868
42663 981 276
425195 486 959
520704 758 680
359616 103 535
937780 692 923
652235 295 863
22989 92 993
863791 623 23
787765 72 215
316759 283 312
481061 320 129
124332 133 215
855616 800 492
784967 882 395
281105 799 188
752096 823 563
900680 723 801
356155 714 908
711990 13 58
270215 24 449
390958 12 708
954967 956 632
982437 993 587
894885 455 932
774645 222 743
633033 69 25
93684 392 525
880348 582 615
413969 683 307
965577 511 656
605251 877 957
900602 750 116
782532 740 615
549132 791 716
814660 514 613
232042 536 854
428914 805 918
470412 528 124
968036 171 421
369709 46 845
29605 141 226
279089 114 89
853779 469 791
991839 211 340
319597 584 202
834888 311 645
296186 590 871
662705 264 984
473888 856 759
36110 52 844
192963 539 282
837533 391 297
191408 290 273
132978 463 35
177780 775 368
797007 282 436
881587 537 536
990574 88 23
388811 56 518
728126 752 993
561112 903 189
136082 56 432
779018 390 184
505319 834 110
968265 986 299
928847 596 634
236502 134 795
988485 75 457
328900 286 583
674259 138 7
70726 519 830
941755 420 626
192566 754 751
548157 377 918
250037 572 339
856094 932 133
572234 12 157
948759 738 373
262177 265 879
391239 356 799
954447 31 684
507866 663 562
179490 444 930
532694 369 886
840617 811 367
498139 660 61
117354 603 124
333345 439 36
573031 177 415
823875 139 912
824096 764 355
143116 489 19
483011 136 306
512907 51 179
9054 523 652
849331 669 353
171750 407 12
145717 875 392
103808 90 276
987345 740 872
350741 633 946
196360 874 596
171657 324 291
898183 10 562
937262 592 499
75790 326 378
605978 199 809
641838 619 396
669798 848 938
58511 812 920
714024 757 892
684502 583 84
302090 468 592
12271 41 70
770588 40 846
556698 88 688
962654 690 63
565679 901 110
6421 155 432
429371 686 820
795268 690 820
448997 501 142
294394 527 568
215986 277 279
496945 462 990
138533 946 231
834987 31 889
575183 531 280
947876 711 938
828479 474 807
696283 474 523
821517 755 952
456381 791 663
334379 455 74
93668 973 555
801586 967 625
545378 982 941
457345 535 16
493881 295 321
462674 18 106
385326 819 940
147050 110 441
724154 464 37
222794 326 227
87871 698 388
135458 788 328
520233 148 697
650827 101 154
736632 600 36
291342 870 274
142763 504 825
981467 596 823
903096 731 969
119760 882 608
514350 220 248
664954 132 602
63146 82 400
426498 761 310
448176 255 311
913790 410 763
68946 270 381
752278 178 14
881902 571 199
144399 356 459
843683 468 446
576196 156 486
628449 290 908
380901 96 508
891423 482 979
450486 454 435
786874 284 755
155057 494 445
147880 50 868
154744 966 604
131062 424 269
231073 775 741
104132 283 84
393537 531 921
670660 232 343
608011 307 307
38221 575 414
495687 447 199
506410 927 596
25581 647 12
660913 581 106
77983 71 228
95339 711 274
758257 74 347
819579 113 355
862664 322 322
101555 191 397
539419 35 581
636874 14 703
740579 842 553
649479 154 207
130748 172 170
537023 402 105
948441 500 224
36128 845 887
358825 568 526
373794 766 554
143406 195 38
245279 983 715
257590 604 36
72985 608 966
330764 997 130
866211 257 373
284394 611 383
125745 651 499
327399 25 894
826452 370 258
10701 349 299
914059 502 842
768567 815 59
991516 383 99
952971 984 590
846543 59 510
240070 525 519
240584 102 555
363286 119 173
749891 132 99
520795 231 511
989174 152 838
494973 748 903
583135 257 216
622569 590 162
919465 643 690
319093 346 77
552074 435 758
970835 972 292
113990 839 372
151159 627 425
712608 974 11
481981 402 585
760137 445 481
277307 399 993
827057 881 709
462958 281 567
642617 580 915
39730 510 297
149917 440 92
878730 490 306
154559 820 297
765479 639 418
39477 763 75
449729 385 136
621528 950 976
294174 635 629
729947 428 889
126724 259 6
785677 440 817
893153 602 1000
968679 560 834
594310 785 745
993750 33 949
174449 749 252
285668 645 254
336541 640 353
194521 211 386
267092 388 302
69274 297 767
175853 931 747
612055 345 832
228330 433 295
970464 583 754
780239 497 28
913308 68 232
322774 794 342
233543 733 568
821274 566 167
981980 466 699
102822 779 30
95833 389 880
162108 525 627
888684 269 447
162349 987 771
606515 435 802
356826 528 445
859653 586 747
602471 161 278
578166 246 731
324664 195 675
363623 164 702
200625 174 839
90354 696 363
81723 536 736
308431 347 159
153027 185 832
398337 120 804
913830 343 213
732431 610 45
67692 766 512
23188 480 860
762876 529 928
717503 67 320
767675 785 677
538446 178 13
81786 308 432
35620 873 249
605922 136 305
714660 142 697
269154 938 650
594948 854 23
149472 274 715
688892 426 75
364791 725 117
733316 429 700
348388 383 288
202462 961 204
271062 633 156
621783 384 16
280061 781 452
263790 440 891
983167 571 699
210411 826 509
758368 493 814
306180 215 17
546257 639 376
492214 145 377
730479 827 929
690729 713 944
633188 494 80
9084 196 846
245391 837 261
422166 237 933
627660 769 525
644355 101 802
77090 41 983
894593 227 161
183059 307 646
701844 134 229
737877 400 438
604677 784 888
89033 686 447
992010 720 724
648591 351 54
280804 565 498
212951 997 100
483865 935 628
867423 720 849
418609 610 798
156343 694 400
877983 143 652
528388 7 659
425241 884 946
171443 427 846
342410 936 329
279429 351 330
157518 980 691
969493 123 830
673307 380 311
938426 337 301
264301 989 690
773837 223 599
903920 729 92
201684 360 418
459573 247 815
969991 251 745
281656 707 678
529949 816 819
974518 109 90
947106 751 602
414489 259 758
341079 790 549
17078 224 32
775937 140 741
720707 385 782
244986 91 202
86747 326 725
167029 832 173
607330 278 469
278326 12 692
999525 684 751
928789 148 177
458770 717 989
680017 996 762
902753 273 946
857268 668 684
595590 655 644
775276 753 35
881528 395 264
309586 417 667
740804 989 187
572349 158 855
44551 659 346
672325 875 774
692418 483 959
142912 436 290
973469 469 525
571865 492 603
773663 666 977
580056 435 713
874924 755 806
318111 382 233
291218 333 53
23670 626 936
153434 404 249
370716 746 649
850620 836 822
409689 915 819
760988 471 476
640914 773 119
613094 899 159
601003 711 516
368090 320 51
233274 923 476
472547 755 159
984276 869 236
685204 394 676
442940 784 179
580668 199 784
711922 158 879
687682 286 482
251548 727 316
300534 830 581
111415 478 713
561333 351 784
756687 160 341
557875 171 588
905427 818 532
862156 767 922
592674 163 719
915988 809 918
727725 56 542
796109 80 553
53318 45 867
601958 286 983
788488 681 433
450338 454 50
735059 437 296
365209 56 109
188836 118 377
471017 627 297
314912 24 280
740448 318 631
767467 930 83
35578 454 580
359920 616 513
471573 705 512
485113 73 856
352122 26 257
692715 679 485
79827 48 401
992569 461 932
260766 520 282
755658 942 401
693415 323 391
406447 536 54
367380 493 120
773382 312 832
890888 444 18
320704 563 847
208829 692 444
308609 850 67
421119 270 699
131420 96 305
986189 619 85
418172 55 860
91724 325 672
818050 886 321
237931 779 147
192312 368 561
568566 308 632
247965 510 674
499704 506 84
329843 187 498
105466 277 796
797501 891 363
577728 850 74
771695 594 446
587779 193 285
161790 354 472
558854 180 533
141179 844 415
711267 918 429
880210 83 557
132659 520 101
131617 358 889
393035 236 654
679080 776 274
206556 19 421
308216 239 527
434112 590 677
185385 673 260
316310 784 204
220792 275 337
363350 583 721
404803 497 942
3977 950 242
733340 649 508
781407 124 397
675591 420 193
200734 780 665
171641 252 868
489421 498 232
523707 264 564
855867 102 315
507719 6 295
643722 555 421
457418 971 341
832126 271 900
924534 692 716
743501 278 501
49077 411 467
418379 669 673
688378 111 868
489836 530 236
664034 948 686
84763 469 865
822951 473 667
58723 753 555
437545 880 150
987815 681 762
131566 314 637
131414 580 137
769303 531 511
555667 624 833
461630 389 710
510209 188 449
92995 949 562
422404 817 158
823699 101 864
622809 720 242
338837 587 972
692021 129 564
263509 949 701
210120 317 404
515849 616 5
571010 832 402
730706 427 182
690859 147 772
787476 12 751
166720 723 112
769978 699 430
415963 487 317
291781 474 407
262323 196 253
569173 146 325
308381 638 306
443933 874 536
750046 358 408
83743 833 123
890766 776 404
48176 866 562
457078 592 285
925324 353 126
509414 652 886
98442 503 202
485371 564 275
509717 755 242
709012 373 118
872467 191 269
24399 431 551
359143 857 901
839129 478 919
438127 429 957
937527 761 538
463601 265 644
886521 954 842
550410 269 820
282000 409 831
902912 800 996
275224 314 342
562076 470 654
583273 328 351
316474 906 933
856803 193 58
620288 292 614
718635 605 65
447152 51 698
908836 676 709
224249 936 93
662275 791 879
726344 372 140
525569 890 435
284952 915 568
822748 244 992
646093 539 931
238906 560 931
366341 65 899
970155 728 939
810545 70 235
377570 123 911
662385 834 278
845704 314 163
267318 715 601
163702 517 14
894163 466 317
450642 498 120
378421 48 60
709861 464 678
508406 804 483
82308 705 87
541293 868 781
932879 102 524
322893 816 344
520952 273 104
935971 849 197
438198 704 327
45981 514 811
39535 880 668
377497 976 212
952602 796 999
782496 88 290
112418 792 508
553392 927 939
750450 759 722
445007 332 815
615406 64 503
873460 938 665
316576 122 445
993920 390 711
672337 806 192
522417 350 68
653407 39 781
4521 499 122
353197 562 282
690683 542 254
242149 281 578
653470 430 676
288032 438 282
117935 560 508
542361 624 834
938006 54 885
790301 182 961
987719 896 722
617911 720 517
768716 350 110
952663 549 804
512325 746 624
46226 634 269
65304 54 622
902164 880 84
807355 128 482
259502 294 517
354175 194 124
510640 287 396
860853 610 730
836925 918 394
2927 536 17
818055 66 878
680353 478 116
96042 464 309
610109 767 760
512996 610 498
893298 696 395
621570 433 980
630941 627 151
552055 924 90
249398 912 781
341065 543 317
509218 105 916
786057 379 39
303252 803 730
768309 567 385
235679 627 392
476542 768 40
872789 675 874
30099 25 405
345894 545 340
156798 938 59
16029 455 382
459985 518 927
345225 123 765
233411 881 863
743493 280 973
119142 753 840
981912 197 484
248159 512 555
659610 359 510
189670 709 964
63602 635 721
168814 410 790
355497 867 104
889389 991 513
861960 784 822
597907 197 247
398534 28 12
72665 108 801
320405 336 947
899573 550 718
380744 732 992
893421 283 848
29280 898 840
676313 200 166
179692 405 402
146199 383 799
850965 861 959
461758 164 558
109407 939 945
342958 809 133
596350 293 399
750257 440 743
664057 221 107
888950 692 60
776737 951 485
765920 561 145
846630 396 448
166745 713 388
336376 218 657
661925 641 7
848993 622 199
135694 49 683
271917 528 853
813026 960 444
849553 473 569
93070 151 468
216416 350 67
374104 537 11
664825 306 409
836054 488 830
344295 271 370
740850 11 822
662742 412 723
305743 179 784
946575 288 898
477072 262 498
41954 467 581
539327 893 780
191982 333 642
825662 77 560
45527 974 490
550239 844 86
859722 749 228
767085 908 585
527400 410 781
898080 34 597
213436 689 975
13081 875 138
326251 139 14
868563 869 417
189485 484 620
741966 130 214
920562 359 328
910260 721 870
326546 666 777
107600 602 314
763577 722 119
987261 166 531
15521 153 682
651654 540 873
538169 635 724
782131 269 598
578313 949 364
573371 287 616
845332 873 626
267848 399 921
214080 566 187
662439 124 287
723496 17 903
397833 940 983
24649 437 364
176736 674 474
645274 110 624
338208 934 163
631163 932 277
724606 204 420
941167 732 53
705523 334 135
192930 648 863
96910 339 329
262648 16 670
353490 993 216
897808 273 966
399280 118 246
692734 239 825
964842 230 864
634264 81 86
274693 83 305
401355 668 744
875459 633 666
265610 56 374
778390 965 581
676870 373 300
358968 331 161
331999 727 844
846292 202 934
68122 159 658
206563 630 325
319819 618 852
28605 624 125
572708 827 913
928661 382 598
859284 270 379
2369 312 357
739484 471 375
337936 310 539
35676 411 579
399064 512 731
414184 934 324
684124 712 306
969876 445 736
334023 676 383
695699 743 826
923352 471 914
409520 34 923
554311 992 409
802508 478 289
847748 788 968
505863 809 425
539442 280 805
503976 378 202
26921 962 985
285588 363 527
305442 972 223
436467 49 77
297715 973 471
405955 671 697
496966 515 649
614033 57 940
389339 286 595
401862 713 984
235645 930 548
325734 890 341
691349 797 877
520674 720 429
784766 828 957
51140 530 967
413025 959 393
661970 533 474
668359 629 757
441905 60 566
966803 805 58
447766 497 607
187479 742 937
786504 786 103
915659 962 587
129325 443 119
950649 104 199
299424 853 420
242472 717 883
395126 953 436
365178 418 535
989720 79 950
895621 347 459
265017 371 868
807069 433 52
541681 996 268
872974 387 836
937423 763 513
430993 501 749
689705 666 879
133548 125 375
396918 172 240
809512 31 138
222066 158 873
739835 248 321
259577 68 256
405227 88 750
995532 296 217
149179 329 960
930574 900 327
681297 985 69
76203 621 911
576672 808 136
405887 365 972
898392 969 478
713064 893 783
871180 450 580
353739 732 470
314034 616 110
286575 368 768
122208 821 294
569992 54 523
159851 399 185
526778 920 832
233890 809 509
781483 458 971
81851 197 836
515036 797 145
852696 103 952
924777 112 434
547792 73 676
796774 860 863
41451 117 374
211447 187 767
288931 484 360
609199 860 769
633281 299 966
141039 276 64
169028 106 35
108683 186 140
195539 115 865
750328 190 249
221501 737 535
301119 541 957
579383 982 774
583783 448 623
534252 757 865
982626 379 425
497881 358 424
701572 120 40
631745 707 364
260048 351 295
787647 272 86
952197 894 598
655317 145 946
121654 467 625
569573 459 87
744717 875 929
340093 358 474
609610 789 626
384727 623 411
869481 802 388
549736 56 727
501223 34 79
829617 106 405
168319 331 32
188878 545 702
67552 386 742
487280 789 407
645083 663 423
199542 347 380
706588 438 289
40684 436 290
786236 336 701
966912 230 207
703693 605 516
939891 417 167
354307 212 521
676060 205 32
885926 33 897
186830 56 660
808282 486 565
265329 141 219
925900 134 814
157445 479 260
62346 27 712
106678 227 286
248665 109 773
52906 144 265
600784 708 164
327486 198 247
72488 663 516
750063 89 126
127786 950 944
569304 5 869
547833 606 139
603911 40 963
99615 674 518
209179 369 369
401822 998 54
10019 330 658
936460 381 410
702451 706 244
840291 409 49
486992 648 359
235298 243 675
184205 986 33
697211 732 340
430196 900 335
871221 4 893
725167 310 963
530207 111 455
579539 712 323
116150 70 281
596256 182 694
576898 260 451
806907 542 673
422400 94 315
830113 154 474
49649 289 432
330175 647 476
176911 213 608
65456 34 287
612111 648 889
749259 787 654
329197 506 754
39705 95 28
179292 870 483
213707 48 123
544168 458 947
45573 5 187
516067 996 106
474642 541 373
468234 796 655
413149 532 861
526373 631 692
177753 672 842
504035 693 70
246964 109 822
584598 640 190
280125 818 894
655536 674 190
210436 309 605
265056 858 373
460471 794 553
365576 852 110
322131 828 234
280945 289 33
988529 211 553
576884 742 428
728892 885 707
539999 74 373
374066 401 648
778994 950 687
196611 910 701
636655 776 280
37667 6 260
4159 897 98
299046 576 666
633348 424 134
893840 374 926
946760 774 410
566810 611 604
174357 918 343
849329 392 338
921545 999 857
270283 594 240
99979 395 455
279001 339 994
900823 272 263
925205 387 809
963941 293 70
241953 585 420
650787 142 737
530163 999 837
656672 308 102
813609 680 704
124781 52 720
869141 567 409
872544 3 719
312584 199 627
739481 552 899
204521 634 175
373244 164 560
459292 775 9
833869 454 97
826981 458 658
892794 37 583
823015 168 911
560435 926 75
680219 236 518
65257 180 388
177043 983 390
288774 88 728
733813 458 894
764267 959 585
757406 362 5
132333 708 789
856462 29 647
282029 238 147
484423 112 157
246428 591 541
408368 326 494
490672 919 521
198215 325 590
785316 419 732
840359 321 868
255050 346 641
382163 439 312
607525 781 242
249315 511 623
81796 125 650
613458 929 520
781083 219 313
52200 754 64
16657 203 590
662007 472 365
830978 619 800
820002 991 326
543655 938 377
345968 804 779
61235 130 115
781524 143 977
205538 178 856
78607 113 264
441981 870 491
861935 126 354
651755 659 308
159589 313 741
152586 117 606
268994 657 343
621694 888 355
718769 169 417
343917 148 860
88181 532 313
694236 732 414
174300 681 167
311892 917 602
10836 635 823
91795 322 72
284060 437 208
740273 91 327
880294 225 934
253502 744 46
532235 32 153
227391 952 365
497183 15 656
646302 866 204
204615 110 309
640234 426 970
374455 968 44
839234 970 531
388360 415 273
863353 304 781
242213 579 131
334380 363 181
714604 95 684
662175 500 50
730202 381 192
482619 372 468
70530 734 477
589438 780 182
210362 252 475
883109 821 987
234179 97 628
309421 902 978
500047 923 979
264269 227 427
753486 900 998
311863 658 775
570354 104 783
723745 229 723
231165 324 582
951757 931 814
584081 674 322
956648 285 287
86057 857 82
877843 264 319
194939 187 882
403287 480 202
678688 361 167
174088 252 444
748636 567 964
840338 740 605
429007 382 987
355131 135 20
135388 951 97
681666 643 837
218186 966 147
511231 609 635
76285 625 80
407408 775 986
115133 475 695
913377 424 444
575883 547 173
332563 679 986
129994 191 567
312408 484 409
396962 93 545
797021 337 766
653998 590 809
246046 440 20
420728 512 997
525394 631 562
618944 593 232
123631 834 640
22678 566 707
40162 703 119
458204 464 112
949517 349 851
253930 269 73
8112 907 656
917616 537 632
916275 964 812
625385 988 916
585403 474 706
370433 99 743
289859 946 514
352485 964 382
579093 783 561
415811 439 189
77106 194 415
982396 64 186
623127 9 558
278054 22 735
448450 598 687
748828 123 846
953673 345 928
912014 104 444
562230 941 116
809891 510 458
332924 133 434
646011 450 805
409596 744 453
955682 124 868
134230 223 847
304051 130 103
548569 712 140
815389 252 944
432201 21 17
411709 473 150
821301 191 473
364483 954 55
375203 576 622
942319 904 486
183933 302 482
667658 859 856
291320 760 461
324465 292 728
899742 199 633
579017 201 971
119332 686 665
586013 650 428
189109 127 37
644249 625 757
852449 946 595
697747 526 237
129469 610 726
796856 470 795
344664 691 840
667250 79 882
630724 300 376
444594 135 126
459499 469 409
387966 419 219
682974 143 202
213152 501 417
310777 533 117
986037 389 124
621893 775 76
569273 780 652
619384 581 357
692210 188 247
779989 655 230
