5644
896758 819 369
653002 227 991
869750 286 795
731026 625 670
936622 800 724
581576 755 206
695087 856 49
308051 299 266
593866 90 638
131520 250 724
27639 328 549
916076 729 381
437940 529 531
548462 610 121
189002 717 76
72596 395 472
781705 601 955
308073 661 857
857290 910 789
506048 688 763
657635 338 317
917534 381 579
485754 459 420
801181 452 577
112840 782 840
858089 441 939
308645 911 383
690785 195 556
982873 468 786
453212 574 701
542905 800 225
284681 982 90
546852 650 979
901475 141 624
217980 80 256
185454 300 546
372042 456 708
494094 488 487
374627 681 263
726423 487 111
183392 198 955
965347 954 130
871972 787 778
47186 525 696
137047 792 780
884824 738 514
940400 800 336
652600 602 755
101014 226 399
378505 259 536
97800 798 310
830170 136 469
894898 138 524
600180 244 159
311767 635 233
827633 893 313
109403 20 264
995726 567 815
746647 292 587
642874 504 728
240515 606 95
212394 116 456
316642 798 353
846852 436 339
212777 887 338
762208 203 901
699287 527 745
460863 619 276
306402 825 933
131908 974 985
630543 495 804
606502 357 684
636294 347 723
318504 375 40
591628 455 431
236904 683 167
528509 808 813
133512 453 394
917686 589 361
963826 975 99
246684 398 888
26795 236 874
553626 671 175
378674 818 545
829239 760 559
791758 114 446
969520 234 817
219126 555 725
579834 745 374
43374 663 747
770362 719 989
812002 511 51
921469 626 931
755653 193 543
485935 596 224
323261 428 895
324614 641 891
544927 653 790
171041 64 665
420082 732 348
834363 723 20
293947 997 216
669851 901 133
598403 764 516
948400 533 839
230463 367 590
19369 192 218
531906 981 495
745791 135 215
177612 972 837
480101 401 333
596944 200 983
478729 512 184
669794 269 565
991907 57 649
887065 655 708
675444 120 354
312767 247 959
154698 472 838
152309 497 680
961170 972 112
998591 460 708
964268 250 786
565462 133 209
765833 797 3
513744 324 511
19276 992 411
150593 10 981
513486 575 851
878462 381 616
174707 654 188
681598 121 375
162458 538 194
258325 28 598
475783 473 655
534570 650 856
488171 891 443
290006 553 217
362621 689 713
969722 475 524
598017 68 128
607908 906 172
121643 60 865
968309 812 809
101109 26 562
510942 289 235
362336 201 788
860339 435 953
696204 747 257
807058 136 189
696488 834 782
345858 800 992
914675 375 401
66466 575 716
722667 962 727
310378 923 762
731653 839 32
573162 207 521
303363 861 646
67466 918 845
739394 671 665
852984 623 491
960656 135 496
107854 79 292
556471 802 978
597106 93 601
456192 440 266
698845 220 136
279651 564 666
453101 944 469
248778 23 833
812766 101 81
845451 19 617
553256 425 971
787438 828 254
854907 522 994
430320 996 605
264113 64 356
2212 43 697
793321 467 239
852906 862 525
724392 222 813
303678 365 820
634006 776 3
660412 878 746
203630 532 543
180723 151 347
137418 528 538
747316 362 973
68824 683 655
254371 768 596
223857 208 745
348085 145 627
90436 378 539
741096 590 313
277973 116 435
412823 979 681
176932 643 652
451079 185 491
245765 742 425
341609 732 389
730044 287 315
20226 651 138
167314 784 114
928152 441 998
868340 673 204
479982 795 127
206971 370 707
644708 586 104
836858 676 748
868524 503 507
717605 19 317
941390 73 551
530327 248 167
644785 217 324
628032 778 397
852393 839 420
78513 970 633
878156 146 563
829451 656 759
164720 619 113
862865 783 201
76579 509 516
963096 151 267
916435 179 705
79738 736 560
832393 572 61
947604 541 622
597115 695 168
788415 667 558
156709 970 54
912381 398 486
122498 890 545
206100 524 490
766384 467 844
351906 284 901
864523 939 348
138164 820 174
119712 356 898
705219 616 506
413147 703 2
113519 600 448
870534 186 571
338063 481 114
403528 626 194
642041 985 341
497519 532 295
354993 876 801
692786 895 288
121922 327 410
676064 621 504
328851 510 26
877634 629 314
770602 403 488
475222 270 148
413129 354 162
997627 523 399
13665 569 358
864816 281 959
837758 104 297
20835 334 855
22692 851 459
898142 463 266
715296 164 626
915394 822 689
722408 682 335
494698 332 684
778485 736 916
559157 999 976
953463 687 759
543218 264 592
796190 679 102
257752 38 895
636396 908 472
63948 213 214
521299 99 541
310986 992 292
911567 266 841
614373 278 622
863165 937 492
150199 147 733
334317 120 544
768561 349 876
830950 340 373
153324 391 988
312002 186 913
81209 273 78
841812 171 584
189916 301 945
693868 50 611
932617 185 333
410784 333 967
503824 359 493
764436 321 973
438278 293 566
793360 705 308
792973 677 743
33140 733 251
808617 834 332
711497 88 283
387457 717 138
740583 140 980
170700 203 793
596834 874 147
648843 761 715
212593 551 40
255536 326 205
534961 752 467
195230 890 919
273004 923 687
786713 630 915
549257 210 942
115959 93 271
92942 692 230
669369 3 84
160001 508 645
702481 233 218
644921 624 958
54058 348 882
759404 518 547
270763 185 246
856047 898 926
891285 246 161
760630 66 942
697721 533 892
167397 140 746
178893 720 91
838156 153 679
317887 794 249
117654 480 111
886176 291 473
540468 447 563
963785 627 171
472073 900 265
822362 750 579
820473 569 547
530882 457 322
527521 244 818
630563 979 963
205395 550 609
208627 908 220
154223 376 101
370152 795 994
749342 415 301
228090 245 42
906562 34 114
12295 842 197
164024 887 502
131455 707 966
279224 320 130
565924 354 366
500271 327 274
187099 821 159
35245 280 318
740638 382 883
762592 123 59
747369 218 392
642004 827 961
963832 29 656
365792 896 919
806813 122 346
448065 314 412
346389 525 670
978455 552 357
322803 9 584
976657 330 571
464300 688 533
58052 894 717
708297 119 711
15556 287 140
664091 159 410
885344 376 334
460923 744 76
721723 824 470
765726 663 553
959138 733 194
583743 585 142
24993 467 664
711852 629 36
445370 286 308
192540 697 892
719743 498 591
152025 676 45
845706 165 524
319686 661 776
311978 785 155
224440 668 935
194151 811 209
54565 376 706
767886 698 273
975533 380 932
253647 732 973
959859 699 759
138128 889 951
799584 221 900
152290 296 550
154811 583 456
657996 475 443
192865 115 533
735256 14 371
956173 707 706
715177 754 58
595950 707 272
85472 524 954
979877 665 640
504729 573 831
375974 136 108
35451 410 616
523658 133 345
10724 133 175
264245 119 142
609901 24 748
845298 784 629
635237 881 686
349115 916 942
972491 862 5
955598 587 717
396528 17 872
742038 213 120
703478 888 937
866121 709 205
923680 120 358
70072 96 467
951781 560 718
892202 208 977
396282 107 926
244757 180 748
672406 515 859
384939 505 747
750893 643 823
819209 29 342
389129 787 327
71975 178 379
776791 168 288
99417 793 978
533194 511 361
285105 473 553
427374 427 694
763789 906 1000
271684 58 153
75909 665 329
32432 975 136
605061 839 187
707538 376 426
892593 199 770
83695 574 815
788597 130 259
91457 156 383
621920 660 636
529292 953 414
399599 825 124
139048 44 987
54095 168 11
637309 11 501
843041 387 730
803713 693 642
93142 891 906
366537 593 599
616790 786 910
752792 985 836
642769 8 817
34373 277 681
750302 500 546
701729 238 495
263109 985 366
511830 988 287
909861 516 540
43055 966 631
96990 47 625
876428 533 924
957965 649 659
547025 878 620
761674 342 380
603390 893 275
406712 609 606
956301 712 470
844540 527 440
99786 375 962
351226 502 856
28351 721 240
135946 176 852
36848 757 520
437729 788 182
150370 947 440
691669 363 786
340146 951 447
613773 501 830
470850 661 840
350970 745 506
563362 715 484
40640 559 692
44805 562 21
393789 385 106
53503 446 387
588746 874 877
767107 625 630
940088 2 110
51581 216 316
416607 455 605
855608 755 180
108639 989 112
581170 389 364
611414 514 935
702193 46 911
410117 336 548
550893 596 329
171470 140 410
648605 288 123
935238 18 383
555838 388 654
745374 932 674
794127 878 404
366752 31 180
895008 493 569
898585 676 175
796250 900 811
661659 793 243
965466 15 338
900722 838 884
874961 31 81
846956 83 274
299465 391 458
276206 898 153
875586 156 206
960445 427 465
354979 963 210
886887 156 69
557947 327 521
525011 673 125
702386 190 109
216639 927 35
930518 86 568
96137 765 299
526011 871 405
120878 766 701
900201 289 550
718561 642 474
950904 498 51
427723 629 940
352720 921 152
644581 638 650
162999 917 619
349335 567 61
360959 286 491
290821 985 419
591985 142 253
715525 453 270
636156 102 951
675132 737 599
768085 908 730
390259 293 147
169344 854 750
822932 309 394
385344 182 670
158909 297 345
6449 50 414
666803 179 184
535824 844 817
469313 661 522
28564 144 364
754923 546 829
561760 902 154
931791 954 515
260315 675 755
988842 880 24
376544 471 605
53670 916 46
716627 136 64
12503 837 825
882689 798 435
193769 413 900
767811 923 730
670739 894 598
493489 988 27
276817 78 691
1575 324 879
128123 157 676
233536 916 414
987572 239 12
414521 934 955
37182 851 369
851956 24 456
22417 79 400
641472 927 732
847584 565 243
820648 931 262
128838 917 522
359220 459 82
410957 8 67
807418 863 116
252248 531 454
511589 538 801
882388 905 64
340656 832 501
163359 81 173
57880 575 795
653465 500 529
114150 154 777
795607 187 904
738289 683 2
76603 472 352
773233 534 844
606196 146 110
333156 44 468
306070 824 676
391664 387 97
790858 660 875
911887 84 237
353797 64 120
138911 928 661
110529 220 357
614923 408 874
421402 472 508
500175 581 541
791488 733 633
520843 330 693
108076 619 529
700991 673 657
789361 448 37
399656 300 613
563263 562 701
973146 792 489
444027 901 336
70000 363 997
280919 277 986
205951 211 865
968856 266 276
447033 684 209
143133 969 857
384939 770 216
858251 99 176
820980 14 939
160058 465 565
244176 452 221
225989 168 600
150144 895 393
616523 828 623
786356 335 769
368611 799 260
207140 109 757
428629 33 213
727088 168 159
513252 672 818
954871 778 768
51858 706 515
831316 691 123
766459 520 708
51842 687 177
161264 493 757
282324 854 178
608253 649 780
412687 849 312
386824 294 251
896248 400 48
499567 564 205
246949 232 188
834915 561 414
22219 935 798
691712 856 894
290966 990 211
90797 826 283
380458 628 246
641559 258 89
991124 286 247
5448 264 647
934121 955 657
944464 49 754
633611 477 340
385178 581 404
9018 935 310
765808 62 211
430576 351 471
252572 167 496
934830 52 198
74534 446 49
893099 39 334
112723 653 46
517809 839 72
645819 436 886
308268 25 154
633096 211 613
480733 144 778
890346 104 909
638065 13 910
848647 944 9
85681 801 268
285687 364 876
128169 846 179
268867 915 955
996060 899 111
951286 71 139
890074 561 996
876109 302 432
628902 413 789
86176 149 904
436006 928 998
39621 320 621
632036 785 370
692604 798 519
644350 929 131
513046 550 261
248412 654 197
481794 102 95
317699 679 916
492693 383 111
438982 563 539
395164 364 493
877489 980 703
686024 377 20
865896 63 787
256733 656 261
84630 139 834
284251 310 946
402826 409 446
948205 329 738
914451 818 907
666652 812 617
675939 508 579
56122 795 362
597444 345 710
333883 282 70
472560 103 474
756785 636 156
693230 552 998
378864 568 628
364890 767 264
193679 30 318
433085 415 839
240743 787 236
77251 175 336
69690 657 607
887880 573 51
775254 73 25
236265 287 867
899051 952 295
418967 714 573
41044 115 42
108605 619 143
629906 113 452
237480 442 182
528467 823 431
443062 777 892
50001 31 565
219466 95 615
484608 906 899
353107 910 574
190825 456 672
556663 200 159
556985 805 399
295139 769 365
21177 481 466
599901 847 728
526492 926 940
461543 932 616
326664 476 500
827782 573 466
622934 433 494
744900 457 645
729214 392 191
291365 76 58
761559 399 691
953884 616 30
257530 702 776
485222 244 978
170099 632 419
456412 333 171
552844 234 488
669481 732 40
264745 734 199
840118 391 814
300814 953 538
620975 562 767
157954 121 80
42600 206 770
913837 567 4
922757 844 85
880272 833 691
313837 387 433
696098 2 670
310884 531 327
357492 869 67
586032 87 754
365745 401 707
401304 787 664
249678 192 561
403239 359 183
747264 753 230
356322 657 545
557620 118 666
144225 290 691
920749 831 598
423922 70 380
584342 361 48
42700 45 976
638770 764 594
330156 202 403
558800 491 278
860846 122 397
638987 274 826
175505 860 360
39920 674 917
650584 262 447
264254 206 184
594248 107 569
522921 284 65
830484 87 482
848721 281 595
404023 48 983
991815 502 775
264831 83 62
719007 779 864
938685 265 863
998399 890 632
467230 946 308
317386 782 132
840730 216 421
544604 241 102
109847 733 264
244400 827 964
684588 826 736
379612 722 522
512701 373 308
237771 524 675
792184 545 804
739170 251 21
754045 563 414
186767 450 594
168146 556 365
786438 404 685
847181 748 733
839190 900 609
147739 590 117
819092 383 11
66601 89 97
259409 285 373
528529 489 62
471022 294 954
912373 691 65
322049 435 202
424002 195 351
677006 69 431
587479 527 946
664716 511 478
173793 460 560
885710 877 685
287056 457 954
259862 407 652
950522 640 8
475796 658 703
126889 959 697
952743 644 488
190721 181 444
948802 960 223
13661 568 66
738026 145 277
883828 311 622
348388 366 771
443654 708 391
652318 682 921
35925 344 714
812354 79 496
256629 656 759
89272 625 115
211210 866 501
300613 407 326
642981 660 201
848775 324 251
960658 931 631
582557 146 603
810020 716 215
126105 878 531
565911 297 748
634294 270 785
624967 396 485
911475 650 707
39336 745 777
816519 892 579
878299 758 106
804954 93 201
845157 927 32
145923 984 670
753205 732 445
213533 970 33
700250 897 493
373113 440 304
101277 830 492
986108 526 892
423426 288 157
516938 180 337
974461 83 604
531827 792 122
32306 81 124
550480 515 965
316573 821 868
220834 367 295
673726 262 741
745477 617 251
159411 592 621
417151 5 941
120360 794 508
938558 241 587
685841 87 580
604214 755 168
919373 16 937
117173 801 462
942761 710 336
203109 311 635
623567 618 37
575022 602 77
446860 929 101
244177 628 13
366186 595 415
710686 461 403
916047 272 739
31221 498 651
692158 130 392
413979 335 195
855557 559 708
499590 31 479
819990 534 872
791770 93 958
205160 442 785
806318 591 848
549463 557 352
271196 906 786
146867 507 46
769081 577 628
739131 145 803
420952 504 877
875913 589 606
865234 638 802
681219 534 251
383924 543 229
438932 325 498
176267 402 500
280413 217 56
478263 983 842
759271 112 65
235904 13 370
683069 377 177
888704 208 872
533168 476 331
73900 786 195
559781 656 356
256910 835 278
751590 716 601
798333 648 716
811923 381 835
723234 857 779
892855 286 592
132251 379 265
929514 99 504
365060 390 74
309304 576 786
171312 180 549
597316 328 240
355554 58 177
240215 817 691
720869 529 749
287258 231 655
543835 149 318
574986 531 86
100824 875 201
785009 713 905
389557 66 540
928231 594 255
289333 953 510
481460 821 237
448434 891 822
412090 920 293
123751 221 655
363030 428 21
713117 734 984
400181 625 626
787611 608 669
534624 920 235
963410 956 624
877351 808 941
9694 38 162
816181 886 199
228043 356 984
292207 742 480
811808 561 341
959795 883 408
589352 414 942
64008 604 653
700226 14 280
370246 83 906
948726 487 770
341537 539 22
969245 82 733
176484 336 997
592944 548 131
808954 73 667
251053 639 254
842367 335 245
284105 469 807
644784 436 113
829967 604 82
183116 677 672
362342 157 172
725219 743 953
549071 293 406
146009 187 888
523309 460 678
323505 190 178
792587 532 165
261140 320 460
777271 53 511
97645 227 970
355432 659 234
667497 481 675
726901 380 624
199928 875 236
346008 238 281
869897 270 126
760970 337 194
421458 390 844
307967 167 629
965237 457 225
989081 91 478
681377 30 702
308338 925 31
103612 662 382
461714 886 755
274288 453 215
11611 17 563
472935 391 858
340894 259 69
357201 549 222
992118 287 936
282293 225 365
983001 98 379
330684 351 506
478409 280 656
584965 518 370
364404 272 776
682741 552 607
470515 12 795
717373 915 168
881177 107 720
225114 963 344
476251 601 314
974659 140 161
317416 372 367
501471 753 23
392620 857 920
156385 7 107
238232 633 638
767410 58 542
396919 541 791
552498 101 66
806756 179 518
434759 153 792
252843 774 933
706705 557 797
842972 1000 750
762117 149 423
485110 177 238
854767 267 968
123830 651 203
215726 661 480
956406 508 765
23000 994 176
201082 984 881
858419 239 101
221669 293 81
219347 355 788
439230 588 474
331064 628 83
814889 752 926
42030 805 88
747395 683 298
127261 677 738
598990 655 778
247306 605 102
602212 546 134
426003 680 192
755220 514 40
753811 800 976
787242 124 887
222262 127 9
790488 9 346
890892 509 374
833616 546 501
97984 787 774
16180 455 372
775206 260 484
897072 464 784
141609 680 857
619284 40 323
454929 368 577
160498 985 713
78398 729 206
472100 798 719
87697 546 474
744656 632 621
739503 56 81
213474 25 37
346110 886 819
44903 147 6
853781 289 114
670684 513 339
762688 257 925
7548 383 924
155602 612 646
288017 30 224
773462 587 774
878067 449 55
753922 881 797
432420 640 689
588250 177 563
655661 303 384
453397 698 117
492507 551 359
509379 610 484
825751 432 174
813644 848 682
505699 514 495
501830 278 584
193913 702 886
828981 803 12
636861 342 912
726802 817 865
382883 945 337
829979 995 479
213078 474 159
360816 643 122
840273 428 932
622597 992 384
976204 667 853
371923 327 841
38207 816 780
245798 120 91
771924 350 822
357266 723 509
701719 433 973
343376 387 224
606857 427 3
467448 575 263
298125 935 828
197765 799 603
462784 569 673
192357 219 342
378563 897 452
808196 111 364
3498 826 103
773899 889 394
408239 747 415
79859 535 399
159073 217 622
764240 562 801
90639 456 714
354849 5 403
857106 10 82
357789 702 123
750272 505 274
13727 725 993
424986 939 387
443424 651 201
675685 801 824
635132 564 166
983433 37 628
203523 119 19
185730 445 44
953377 548 466
804628 642 30
701494 616 318
262177 198 666
998266 218 648
463760 869 741
631214 573 977
237859 415 604
533464 459 189
793420 227 867
775961 350 206
395901 13 337
669776 29 762
522261 969 19
947685 208 779
443831 246 434
201758 347 937
310080 329 588
973446 954 883
332804 308 52
2070 894 241
90106 681 778
745677 632 442
884372 133 616
186141 362 588
686988 19 777
87770 194 993
500923 858 300
349497 942 699
771828 522 286
626049 649 110
895519 570 956
851434 249 139
706706 392 694
420719 305 29
777693 139 966
368646 462 208
193344 192 790
228182 580 687
269249 509 970
495593 807 138
4881 508 554
447921 653 719
881432 256 678
736845 257 327
759079 886 774
321742 936 101
258628 286 307
470005 689 282
197778 175 42
327054 370 34
212655 551 120
295175 475 227
675318 623 812
487852 30 705
443774 556 977
311853 949 725
383593 276 336
52570 343 897
834412 621 956
529158 310 27
925301 704 810
394961 503 822
175008 457 587
88956 7 57
442418 667 31
922923 362 686
852155 733 874
507484 294 846
490774 279 264
389571 977 472
465885 751 154
733898 382 254
892148 426 612
885518 530 459
693840 988 413
272644 295 435
624693 675 787
63029 471 706
196405 950 63
125729 158 134
712083 40 872
441903 141 353
3600 353 342
268646 832 548
278605 580 916
412526 534 149
355182 460 485
562677 498 377
667270 51 969
214813 810 543
951048 99 436
34598 743 255
943028 740 30
999658 670 427
470127 220 552
761595 68 969
326478 74 447
661837 520 60
718420 520 586
594121 525 477
501792 717 902
976272 27 767
311300 245 340
715915 540 281
227591 86 274
952241 662 666
280663 205 716
789482 796 968
676051 180 293
109083 803 163
201632 962 487
67983 432 107
854972 690 149
466307 210 245
492131 33 27
40251 570 323
883813 106 653
923639 921 841
659092 648 163
741061 318 676
523079 829 827
12493 862 503
808228 387 96
437699 634 440
428480 122 816
458216 548 636
867414 644 128
879424 720 557
758184 291 818
511311 781 293
287569 298 79
416301 48 201
772474 691 956
272233 752 430
808571 511 476
290806 759 965
727272 604 850
991998 182 452
760978 13 112
689902 495 830
567644 586 84
545964 886 230
127068 275 634
71642 203 274
423961 563 255
974939 717 741
759894 394 582
967150 156 388
353592 434 162
445702 366 439
249391 691 383
560521 694 639
684052 760 197
92230 416 706
781058 1000 447
366287 804 453
905984 37 296
385515 663 987
909368 926 804
667577 429 268
983396 280 896
316906 261 524
141931 51 542
303005 890 771
125748 340 647
161252 92 194
432974 916 336
732125 70 378
267226 453 167
896453 187 457
7906 959 876
965669 786 739
812261 975 484
554958 915 47
335417 447 38
406869 496 913
432374 970 281
276055 692 61
944928 461 364
689164 586 551
935777 427 699
292114 648 189
340449 849 177
777610 738 258
882501 254 328
817669 96 394
764624 542 141
808671 402 942
729520 904 56
373214 692 169
277411 253 888
848943 57 751
850 965 979
49789 693 955
324279 370 903
544035 576 796
661705 846 907
652485 493 948
733796 946 652
126557 232 823
479128 469 315
172717 662 91
917747 662 434
735879 609 265
975547 264 208
457797 289 681
451265 446 322
820474 353 233
922790 606 953
585663 486 316
532196 737 83
586146 150 317
312226 11 60
679183 820 99
754451 94 431
374680 140 289
361521 553 287
677627 509 212
669663 620 759
651997 523 315
598342 496 104
841632 344 588
700890 364 710
90376 858 250
473829 917 745
665503 704 120
883665 295 711
150572 806 175
679524 983 848
237888 12 411
586591 225 325
835068 433 938
561678 343 992
172623 106 207
501168 795 282
828621 863 58
976004 662 241
957380 539 929
39340 520 177
946755 713 598
853738 125 610
852168 313 173
238243 803 582
264612 764 730
828983 183 141
524328 719 662
61757 279 604
555092 196 934
186176 185 672
897502 248 371
584861 468 189
352547 78 440
692848 78 431
489517 188 570
560208 549 81
760466 952 710
538155 823 981
59634 644 82
851231 464 893
322486 441 333
673596 793 326
34944 464 350
14981 248 655
5165 605 515
281919 122 182
885966 643 673
824056 146 976
28565 793 113
281889 159 576
14180 806 63
655391 89 107
955131 118 446
220766 910 637
131483 608 380
536972 937 358
555947 434 256
296000 438 462
284338 209 996
468750 225 906
655164 21 199
457774 841 889
540022 751 999
773018 727 522
226692 111 367
122188 880 422
804626 268 692
825408 145 540
584046 613 312
920188 450 385
493270 749 478
372788 51 482
751501 884 87
635341 911 724
887370 310 550
158894 543 670
722825 342 556
12063 397 618
383461 593 645
537079 182 995
930233 838 628
489585 455 356
236553 979 428
58765 849 826
542033 849 604
588596 192 88
131012 483 146
108956 326 986
810080 73 806
478959 769 419
484588 874 977
996956 162 335
214343 757 741
638591 7 395
60722 36 3
264309 831 336
401691 34 10
108749 60 54
790695 50 778
943534 983 791
50330 197 650
223613 210 144
729402 359 521
879559 301 22
519994 98 478
908288 787 958
439155 647 303
306382 772 176
136233 938 718
413550 641 706
13015 504 853
702012 394 244
154067 532 225
699321 178 898
546246 616 691
993087 617 729
19591 107 810
440497 807 733
256248 119 675
690691 180 701
173805 869 17
880842 186 349
298178 588 849
941074 387 543
574743 899 169
582376 724 528
206388 82 218
976056 22 574
995236 791 416
657413 397 100
982412 499 578
143583 735 199
369443 788 720
975699 278 993
487927 469 184
187409 160 663
763927 119 181
956598 833 367
270718 574 679
149262 313 481
141138 947 76
507992 256 689
245819 278 592
566054 573 834
859303 356 912
750412 157 596
412323 546 597
118501 805 367
88877 611 817
681865 18 521
870000 663 263
924776 531 878
497671 870 527
303918 433 96
360352 901 277
398602 929 448
902965 764 901
672556 153 755
57361 768 726
757289 725 706
481232 966 444
379095 698 147
920293 494 414
857599 750 971
610681 69 783
335475 952 331
229063 595 793
789583 263 667
485625 445 351
622835 491 684
740415 106 661
633123 925 729
82107 737 470
828806 400 649
340449 459 866
286483 196 355
706922 39 131
790137 703 375
996502 111 284
607458 282 317
935174 552 997
401655 151 501
126798 490 602
809157 46 16
125646 650 366
610909 440 528
61127 577 992
307883 973 446
481438 132 159
404524 886 623
455872 901 471
844273 212 178
785298 136 51
834633 439 149
963605 203 153
417005 669 647
642563 272 331
585208 811 944
774 798 993
682546 356 301
179992 158 348
434399 625 577
101379 359 33
127064 700 333
590408 561 945
879272 63 949
442732 856 876
85535 834 280
740875 865 838
437052 278 158
697173 882 835
736411 203 901
52627 476 685
566507 488 73
466353 693 435
508894 295 434
564804 481 68
527210 848 349
44057 868 292
350271 729 828
803961 184 46
701425 484 718
963126 524 325
566966 775 661
840147 624 638
992957 581 871
465509 470 800
930146 391 881
771919 495 282
304196 769 95
110880 705 549
814658 546 774
143853 689 93
705492 49 371
985369 898 815
95340 914 462
269854 665 496
726255 259 887
5295 650 917
721216 950 944
937186 683 672
173320 462 800
114609 657 930
935837 320 392
514045 932 401
325549 36 389
786355 70 185
985919 852 685
344263 686 560
436862 332 173
146470 641 654
351673 883 252
879607 630 524
135201 713 211
878139 899 823
201785 913 360
102607 761 614
303337 890 929
441947 796 669
860363 301 598
274932 551 188
893860 884 413
984997 373 59
332109 922 253
861700 835 754
594218 199 835
604311 307 727
986377 802 704
828984 921 820
850913 404 910
31469 544 707
661615 734 748
310227 437 947
759480 647 507
544614 947 870
100195 687 484
790325 558 395
155729 248 641
215861 541 725
383432 182 748
996804 665 126
51236 583 947
608977 91 383
353437 52 224
269987 461 909
94522 64 563
734102 226 765
508772 374 314
548243 37 74
53746 362 661
23085 749 519
193467 38 375
900341 542 641
256706 678 560
961540 102 876
581325 391 797
142643 916 345
280218 307 26
66830 762 78
850182 368 867
944849 714 43
443345 602 909
212735 642 140
836161 130 951
284344 46 588
411688 935 396
505000 423 786
305742 676 567
497937 354 580
682737 705 798
929242 775 246
722055 81 18
373464 39 490
276139 763 959
627135 798 694
238688 871 377
286060 209 392
892045 546 914
398720 760 889
272731 868 469
853856 395 691
920210 163 518
275127 65 792
697267 44 81
452928 138 347
418004 632 359
423351 559 110
411534 567 22
899802 207 78
579299 469 366
988583 410 972
995979 110 621
271661 779 4
977103 925 1000
886245 96 197
619603 927 106
259231 380 608
661067 769 767
73665 590 271
83691 250 297
287413 958 363
654487 920 316
390750 358 315
546433 911 596
921500 190 890
948559 339 226
905736 580 746
93735 436 878
152083 976 907
123530 29 204
674304 379 120
561626 706 14
590904 201 613
688429 564 376
126858 345 558
270989 5 817
641947 112 190
936506 807 128
443527 608 585
762415 493 425
1523 800 889
616209 178 357
852246 569 401
433910 842 935
494108 892 622
762671 364 755
354577 440 195
580323 608 700
648684 103 898
724957 428 86
661283 72 293
339853 803 19
651121 311 995
973359 169 454
368055 126 789
234065 501 982
193172 233 5
261899 217 469
228742 911 398
190867 275 558
864127 37 919
18602 140 133
839942 188 257
475602 408 796
344493 444 752
52765 635 710
448134 800 685
838752 102 905
397190 607 757
206145 178 450
929236 43 278
901822 349 896
643495 496 223
587465 438 69
556949 93 754
862678 391 307
886014 800 402
352668 999 109
439041 907 508
755210 636 141
813144 441 570
905599 361 212
598197 525 475
737366 174 257
133263 673 23
561356 875 577
577197 274 893
451402 503 888
789573 806 333
907944 282 351
242453 567 444
805645 283 212
166910 80 804
79169 976 742
616852 658 848
56917 344 638
369934 913 81
680815 618 905
601830 861 397
983394 709 404
229735 344 158
701254 252 132
689030 123 183
879590 691 416
513046 67 996
275819 16 599
225274 615 170
533359 277 869
348486 192 309
856665 339 222
893102 595 152
408509 648 519
853317 443 193
5856 606 581
365966 452 389
978465 159 583
708506 719 190
360512 521 23
611345 15 840
415369 834 391
503440 27 15
796931 83 562
832308 395 466
594617 775 109
160334 354 449
77745 453 613
464318 149 781
519923 789 9
690649 423 215
830798 161 877
969654 649 830
882739 867 663
617846 126 460
783412 485 756
785650 786 391
294720 170 428
385695 818 325
271884 422 971
295907 691 65
72457 157 495
167100 313 812
484744 813 216
132935 96 242
213577 55 341
787584 723 332
637918 757 764
218678 105 611
520403 494 667
760403 944 972
547847 154 981
593713 312 597
136284 461 127
80347 184 174
751063 699 296
208948 144 407
597439 307 459
238609 50 73
619039 607 626
783277 956 750
505716 847 938
852706 888 182
731635 35 791
205185 638 924
386667 793 307
64478 573 811
609356 971 234
324838 178 367
125415 205 872
96232 122 11
420948 641 213
945006 800 314
888789 72 169
285889 718 260
278690 247 404
516664 619 256
200012 243 717
13184 483 967
398777 820 450
982223 429 895
246891 135 360
411440 691 623
425296 238 483
946987 980 216
578520 582 701
242732 415 977
458697 389 575
578533 978 554
509628 595 220
734502 199 370
346676 745 576
168756 873 970
164507 210 702
71024 726 995
546946 695 666
956335 709 371
58887 959 798
258550 635 837
957858 166 946
414703 73 528
257527 467 412
180733 713 489
941324 71 911
112008 967 554
312591 776 853
308487 627 941
635155 765 271
233562 517 937
518434 270 70
905291 160 818
895320 713 503
116971 698 515
798501 638 324
858776 324 29
751230 921 508
118652 489 233
893905 66 689
716367 478 478
392097 564 204
686788 542 257
435861 480 532
889913 8 122
63273 419 306
648183 783 186
539501 412 922
283789 197 725
768543 759 724
317969 179 872
5529 545 506
453835 159 355
749264 879 219
682023 759 15
324132 559 902
751057 766 590
486251 69 506
31959 631 908
163867 852 592
871090 180 642
386412 124 386
129788 50 61
992695 519 985
629702 959 431
9899 797 509
616143 212 530
325429 60 994
176441 454 110
235692 219 923
219293 156 360
686000 723 810
480255 413 729
584687 24 472
391926 507 665
103934 503 549
36284 355 89
481850 185 953
201843 104 662
864066 962 112
434054 247 806
759834 242 792
906970 806 73
401107 980 411
74718 113 356
427553 309 576
711650 783 129
342665 650 212
147817 395 882
239548 279 20
582176 445 944
586205 97 534
694701 727 915
73454 539 447
783291 286 972
415399 901 980
891376 748 194
427339 512 240
58438 157 805
783099 824 498
938228 573 961
933994 90 27
399444 971 345
671954 327 825
318979 846 429
786383 476 680
140224 931 44
277919 393 252
204999 901 431
994691 589 482
156497 234 991
782419 306 267
354140 643 941
642169 600 61
445783 593 355
571026 308 684
560775 604 716
53509 559 255
502309 11 404
211079 179 859
891421 891 562
571112 31 736
220589 96 54
983215 36 653
603439 603 736
512046 769 420
144792 397 612
125458 535 900
869190 66 960
301706 296 235
904891 221 417
364260 338 473
479035 851 318
681943 406 232
401782 229 555
933915 932 429
805552 54 747
312434 415 995
870477 704 410
658230 154 639
290718 184 721
50960 991 209
855665 666 423
508693 246 790
908786 162 410
295045 77 726
481772 939 32
944851 933 802
469700 67 83
362971 963 436
367299 482 25
640100 521 780
484837 497 893
485506 949 481
283488 761 920
453506 445 602
934032 433 456
913004 813 188
840171 170 244
338468 497 905
705761 24 34
800045 658 526
856755 377 714
677092 343 880
532249 268 410
752571 862 221
660153 89 69
646765 649 358
849136 767 303
86040 985 727
320480 295 739
826864 674 460
611834 587 731
67289 184 230
447000 211 584
764546 483 736
564241 940 96
553075 549 433
100794 490 277
838882 768 427
504291 138 124
600219 707 668
354200 903 242
33000 814 353
785737 128 914
856282 753 287
376393 226 470
591687 694 849
636252 441 191
818319 693 627
774679 332 8
923520 391 253
330169 640 885
413582 739 20
781017 631 977
545926 915 392
100317 213 382
819032 402 683
286999 664 851
677272 213 906
493664 933 949
633863 299 56
778557 821 947
557418 72 766
323487 300 943
410259 298 862
921358 598 75
999809 768 55
81328 676 401
944838 335 225
558765 230 958
373451 916 737
457497 105 890
343868 281 672
938391 117 146
303270 883 672
755461 340 688
226934 549 78
529837 164 472
652756 499 330
8976 180 302
597043 949 897
703783 972 559
982815 517 976
904399 377 480
103378 600 802
689631 796 598
352459 147 323
653095 175 939
428638 605 622
930090 84 735
958761 577 811
123869 597 784
154199 211 737
162292 251 568
854443 297 958
187748 528 125
122514 72 57
526872 280 464
537221 666 16
588639 603 352
804329 782 494
379048 270 304
690569 259 17
444600 972 571
356720 264 653
529262 975 598
598095 806 647
770705 841 672
981008 442 699
732090 903 961
931416 996 745
813571 896 765
762995 830 701
725876 544 751
468194 806 748
671756 429 284
178421 818 194
285886 50 934
131162 475 532
230609 368 947
767222 260 344
655754 15 482
537470 302 715
144302 361 600
969162 597 178
833382 61 103
783870 577 811
531551 344 767
498017 46 71
421333 694 864
427714 771 180
665947 20 659
975231 952 252
877515 818 290
747917 890 900
648460 868 914
206936 102 177
589228 372 173
294440 288 312
486225 241 487
156104 247 390
141143 581 5
217820 283 537
980019 453 470
456974 464 222
389780 45 526
672489 259 543
900511 201 779
144908 836 592
788702 590 805
654898 903 930
490148 813 952
86810 353 48
661521 291 41
730961 708 687
810391 361 877
384389 535 462
215272 791 177
13528 281 648
856319 751 44
785004 440 177
786826 173 914
31973 53 629
841298 672 812
569713 848 648
76891 349 744
753086 979 99
224485 897 270
173461 77 950
502144 655 248
24001 263 569
548019 173 390
581950 993 71
156018 713 517
101260 94 458
6746 806 416
10405 948 1000
957385 670 903
717654 460 722
777811 257 382
976375 275 984
898134 140 567
891019 704 878
763400 413 371
291235 818 578
666647 123 381
535265 117 198
648381 820 665
425305 575 584
949298 812 61
92909 264 653
616365 729 841
448851 873 244
170893 411 672
342225 335 515
527225 380 292
883802 942 183
198899 514 195
145752 174 876
817411 270 905
279094 938 558
983936 343 421
551140 930 922
5174 91 665
839003 794 632
162534 16 639
99578 274 639
302810 790 712
352556 713 307
449792 699 138
254597 745 242
495639 407 594
785986 177 269
810094 6 814
899769 622 832
148096 108 686
23535 19 312
371060 150 431
151931 941 814
771815 347 814
282170 293 223
453087 212 678
87049 591 960
567013 503 85
235577 293 596
83380 321 994
177610 257 304
147120 514 366
789865 997 824
262146 74 276
917997 409 957
931754 592 894
848133 37 87
56484 644 887
143577 651 769
908576 632 113
346872 929 429
703875 815 817
564331 690 118
87003 486 829
3345 245 716
947794 17 557
964213 390 162
149166 379 625
594658 480 749
9605 40 299
741059 193 468
403256 197 911
484391 752 347
859685 821 885
475703 903 175
218183 346 571
688773 987 522
528344 850 641
313131 532 530
49193 341 806
193819 414 146
563236 947 923
401009 980 167
444975 464 281
330630 152 54
960265 263 165
74823 605 416
873246 776 246
711747 863 194
47146 710 242
889943 212 610
269246 140 415
590535 420 857
173796 673 314
351608 558 34
110173 643 730
22542 450 172
318131 556 809
156387 255 820
341696 313 884
362273 691 159
716355 581 197
213553 478 393
784319 203 920
774171 30 796
744886 931 105
256290 169 890
366876 756 509
823126 624 141
960974 441 291
204697 240 864
552581 972 775
554046 119 257
615494 668 951
712201 548 917
946554 610 14
141732 75 60
338820 425 707
792207 400 879
646900 86 10
560229 773 824
767301 310 540
563539 57 793
881823 465 930
633086 898 661
330862 742 415
453512 78 391
362658 983 64
137878 29 33
217922 85 822
32719 362 544
851738 848 958
879352 397 437
164036 790 845
97305 39 846
869308 631 221
67394 87 626
993310 567 147
401059 487 773
893964 660 699
335060 163 566
961512 666 219
27 760 373
763002 839 940
934080 94 698
920204 340 312
836974 432 994
238315 450 10
655589 807 943
573095 317 636
967262 271 608
427351 804 168
954458 167 588
740935 983 924
790786 355 586
232581 182 72
688701 839 841
658127 733 727
643384 801 53
655964 443 692
127613 8 120
525344 85 773
647770 733 95
446489 877 771
249576 616 919
852166 348 817
48485 198 640
458389 613 74
20204 864 848
919472 359 551
185964 527 974
186512 565 697
134271 65 795
504603 958 623
78897 751 942
494741 673 775
355957 264 11
700676 514 413
879384 754 189
962147 191 403
601823 643 297
847453 641 737
40404 928 872
631729 990 468
90502 435 157
199241 900 855
334847 401 576
226119 122 285
663076 250 675
360424 498 390
641069 900 492
333735 638 222
441422 604 374
366425 566 732
93300 844 607
373920 228 865
125504 631 438
679542 610 610
457766 217 535
732508 412 229
298650 993 666
775161 992 597
198615 926 587
439430 102 713
792443 894 982
529650 42 109
198184 635 602
614149 808 4
679117 554 538
590709 752 46
860443 512 221
698360 361 740
506216 370 362
452110 944 897
515209 603 521
71496 553 423
226754 995 631
86179 17 858
728464 72 941
517484 528 365
215093 589 457
719123 52 874
824496 817 403
204785 975 665
728701 984 975
719781 488 798
831321 534 840
777164 597 623
293352 285 542
360381 471 481
316691 245 243
942187 266 462
675996 225 790
109672 509 454
785917 594 673
523774 136 938
960753 486 693
978779 284 347
441265 722 809
616597 861 818
610182 267 582
220866 816 707
409139 754 337
759911 910 294
418758 311 279
289774 256 544
208491 292 478
314311 178 619
197404 335 449
272250 318 94
772620 93 594
350164 142 826
54991 826 536
22004 3 579
816154 193 761
261436 94 433
466671 476 489
853539 309 916
426252 751 206
968763 405 763
302441 72 441
796815 399 301
89307 110 869
39349 990 839
349994 319 985
744147 299 286
647399 564 877
879073 407 782
11138 340 249
428266 890 865
925358 971 943
664712 946 478
249424 795 469
552687 174 499
501801 673 630
865645 243 885
333328 358 448
280383 381 696
152260 663 442
254825 383 700
507254 541 275
472061 904 624
108836 295 878
72934 961 217
346400 623 2
163478 592 924
673136 987 89
741885 935 937
599181 113 79
95889 110 257
774638 421 350
158268 208 443
498369 925 74
573107 562 632
61094 797 630
307944 295 288
5399 151 644
714534 324 91
843472 610 153
904112 590 41
873590 903 352
837273 703 972
336801 635 185
6121 584 672
392652 61 740
485404 19 294
671321 433 252
974029 311 315
47372 804 676
738260 233 870
446967 178 679
423106 130 874
108916 755 302
276959 365 734
605244 799 589
76883 7 756
301229 287 847
914189 527 681
437720 376 397
713150 309 579
99097 293 119
206784 559 127
284882 708 756
545609 637 591
195385 447 965
586824 349 269
128438 115 351
786096 330 742
787452 67 921
930969 213 914
440878 988 239
947148 982 796
721559 822 927
240659 754 597
651707 863 133
217140 856 771
510965 160 306
247876 804 362
287905 544 799
320821 380 895
841864 554 388
192816 312 622
473548 753 866
74814 354 5
36925 167 775
88933 375 673
174377 272 19
328679 796 237
452418 245 662
214725 926 210
95715 903 960
542700 637 447
523023 178 655
620319 949 717
54396 469 687
978331 873 75
909006 275 680
476454 707 83
420103 171 51
957159 301 534
420939 789 523
528903 235 807
121913 79 592
686799 542 429
640239 185 800
342949 359 582
61028 704 779
951547 511 413
639459 280 7
896579 533 296
325231 729 716
757783 165 999
415006 920 537
549705 133 893
502328 682 506
588124 184 879
618564 405 772
371560 478 11
634045 37 577
260072 418 618
916119 797 552
735135 201 444
492325 821 339
72368 349 203
790837 35 754
500972 744 467
295952 826 37
782998 695 670
944825 502 900
908592 374 118
864527 732 846
735801 990 16
747191 529 864
38922 1000 722
398123 542 937
358480 821 360
684455 478 348
565906 170 788
780599 247 679
95240 111 618
58822 959 354
274677 32 829
791454 639 500
192822 654 27
127300 984 67
621185 181 59
384796 217 10
734483 400 181
17490 889 730
584350 563 214
283464 155 425
186688 459 30
110635 553 20
53573 186 770
758793 641 888
806922 500 356
520118 450 796
882611 34 274
150984 479 821
583892 31 616
135597 343 925
958712 134 545
447058 883 377
11090 88 823
926399 806 800
556677 936 805
660378 204 427
610979 865 212
289026 808 425
389554 593 171
946347 526 169
653247 622 70
291410 278 741
708635 635 51
678823 63 271
457242 645 537
528577 883 549
833794 356 125
639482 596 422
679882 183 27
273042 293 352
92282 539 724
134652 256 697
239541 23 846
821131 760 77
797194 382 567
288099 719 105
481054 319 313
726981 875 86
683208 880 74
485594 650 849
707753 492 98
133459 56 896
33149 786 122
687731 336 953
733897 193 183
260394 417 513
320400 286 847
9656 268 914
198049 779 277
239511 168 578
396932 130 523
399114 695 483
932444 699 790
324209 874 891
858946 186 142
986390 742 247
896465 823 600
377651 519 176
161146 462 601
340327 621 895
730769 835 275
910010 176 188
412702 209 945
104894 3 875
751452 601 343
111182 812 508
139854 149 35
498319 174 86
94627 625 938
283975 739 533
699999 91 474
66116 438 522
89764 934 938
470145 388 953
909457 622 723
340064 6 963
35453 671 279
952195 289 425
500380 411 294
651756 431 189
335815 218 670
761916 706 512
10002 400 279
466915 958 92
182932 728 36
562177 549 136
71436 133 827
588239 199 84
689029 786 149
652058 461 392
645849 412 631
418856 644 106
743281 107 884
265470 513 18
925117 903 488
924890 528 542
393610 493 797
492818 586 922
95582 775 722
984491 260 940
439236 158 436
745115 373 193
418672 63 844
692960 233 162
505369 569 710
155362 240 497
78910 901 46
310263 990 80
212830 645 181
769754 653 123
756529 109 612
791913 882 875
657206 871 974
657979 186 379
655410 102 661
419201 476 545
897650 287 961
997648 657 276
853034 708 678
255897 235 686
30963 631 893
398074 41 944
584200 580 235
728091 576 828
382177 455 232
158186 396 629
583647 435 203
66222 635 409
314762 358 266
144312 95 12
906177 122 485
599274 832 919
171630 265 809
510925 964 102
627628 432 846
222276 892 849
332057 665 515
549641 785 417
309532 258 248
550764 170 255
911078 44 579
497028 955 505
183417 192 71
469980 760 332
906059 585 518
625701 795 429
513914 553 696
773565 750 951
719406 965 823
311674 463 370
377672 22 850
690213 216 253
918685 570 343
651405 299 385
505892 508 466
767690 383 433
451943 878 949
971471 79 951
698080 677 246
827254 516 757
176194 172 835
660977 673 657
577700 79 366
705113 397 122
255983 39 780
487799 388 336
979208 895 708
344926 795 898
15597 90 707
104534 510 432
212954 296 129
145751 538 294
138350 254 799
170477 53 708
569805 606 122
492529 631 380
22265 644 211
789248 629 418
863788 469 441
226582 192 3
658863 730 310
36787 896 70
533831 268 439
826000 950 804
831811 714 562
429319 971 46
333692 518 901
406849 978 799
366181 949 812
802402 792 858
845083 990 26
517773 153 158
33096 937 751
265742 433 155
997296 794 540
280722 935 882
589989 721 929
4311 870 963
161073 227 790
438766 653 786
894347 42 251
250286 358 774
418197 634 123
475010 672 374
757719 411 654
144800 208 305
898520 996 673
149013 571 148
19109 593 452
564166 883 696
107558 883 811
918249 881 452
824580 148 507
165513 16 74
308728 98 829
126366 855 532
716382 971 972
695872 539 585
88910 863 733
47808 670 605
471297 361 715
825361 531 74
375870 694 587
79540 968 352
577114 722 263
770522 994 474
483959 87 56
184237 803 922
112019 382 721
929219 939 82
870243 449 202
877163 807 238
535566 830 396
596638 212 997
511517 151 84
849667 630 505
256286 188 91
269674 902 614
541970 428 561
950996 135 607
115079 475 477
230660 93 659
522662 317 682
541996 125 259
566092 433 428
614298 83 480
43229 546 995
266785 730 105
746615 353 311
749303 295 943
770243 947 968
204768 834 54
742409 698 330
251797 862 98
860555 874 553
584943 254 923
542458 793 3
549317 250 232
323907 882 212
678561 82 553
435649 80 898
984510 551 492
82233 97 111
779384 434 94
128787 207 689
454424 568 812
60067 412 525
164190 685 61
460470 217 420
197665 682 410
482968 422 868
646622 767 297
495559 846 593
544048 408 126
649504 794 494
330891 510 720
898615 564 435
267754 644 715
645041 486 688
599981 208 502
329972 922 484
255270 249 963
451357 880 819
384460 722 546
367277 965 836
499517 269 713
119047 78 72
653918 98 550
330859 595 49
43054 765 137
50097 294 87
623169 952 103
899751 767 625
363899 16 5
226756 971 226
812259 481 665
872594 711 868
404041 576 704
310966 311 956
975500 281 760
406613 235 469
110803 148 402
64325 112 31
437154 746 107
584447 191 500
263690 442 593
921344 841 113
266277 71 746
385022 589 458
263423 924 886
556217 523 412
224010 145 658
437102 34 64
372598 959 360
565626 306 50
702427 362 988
863198 147 727
649874 585 356
160935 403 534
371311 856 939
521287 694 440
931721 610 147
885990 480 406
455953 413 246
596589 832 112
612051 438 473
246045 511 993
734426 967 446
473417 475 217
228262 610 693
440170 678 357
9691 466 699
602091 227 688
307200 496 931
148728 325 930
856651 985 567
704718 696 956
495680 963 546
560304 191 642
191394 746 854
76145 430 315
157554 115 790
963624 61 700
679618 467 331
979114 65 117
217600 796 326
463226 229 453
55554 727 391
589145 192 978
843147 302 124
368478 385 102
59388 775 1000
101052 516 600
915141 556 422
678050 522 878
870786 251 505
649954 381 351
771437 678 681
123345 383 391
248116 567 314
786983 794 292
656478 819 446
506760 915 375
335819 334 676
627945 650 352
662117 732 453
437592 562 793
26161 387 651
134680 202 504
388706 631 83
936423 579 23
899978 389 242
353755 288 977
743489 700 637
651137 936 881
943783 897 207
209663 289 401
800025 844 986
186294 779 961
823799 128 314
529836 354 537
915261 424 150
803351 4 75
85445 919 336
471061 896 773
99322 928 273
86433 197 318
293337 994 851
674721 84 401
66925 316 166
704935 813 238
894136 292 378
190065 617 995
718764 967 583
216988 84 772
868225 733 840
61398 876 738
528867 425 76
999714 809 186
363120 862 974
666646 293 577
214558 54 604
874703 7 531
730625 323 524
647804 667 180
806569 691 901
874143 698 875
975239 642 667
871118 319 316
730283 772 443
305227 857 216
497244 99 103
313788 924 142
285307 474 305
671785 32 287
926132 558 894
852199 604 43
780764 98 13
663861 459 954
19404 704 111
118116 841 689
730720 463 31
376388 682 134
992244 93 750
787508 172 31
766561 343 75
929666 602 357
889961 37 452
641611 228 690
207583 163 147
609139 17 566
22214 481 437
30514 521 265
477371 45 658
198228 138 196
345960 990 305
303713 36 942
577599 78 476
637701 833 771
305716 109 49
452229 725 289
397750 993 914
508564 711 905
982366 325 839
575 447 647
780261 304 395
278042 983 258
616861 581 181
779055 687 779
549450 128 574
54804 110 201
737316 874 207
822505 775 548
215540 295 120
792547 528 414
756553 468 365
762103 176 946
736203 68 680
301093 135 333
858573 121 404
93915 591 382
911657 29 268
964117 314 980
837810 771 805
750464 690 556
140283 343 650
784805 455 892
481554 328 184
22167 995 8
532766 737 949
252593 764 307
703062 884 324
444967 920 552
393528 475 361
20971 583 436
83076 21 744
861774 56 30
13216 781 924
625692 837 746
688139 644 869
317880 672 442
130144 362 987
905955 193 5
137275 546 618
53648 86 744
777591 989 84
618650 737 600
799208 152 91
902752 245 776
985827 683 237
155968 129 143
886031 514 430
830310 810 486
842474 127 45
701780 319 624
985583 790 404
806931 273 393
874558 470 767
549039 521 351
340779 945 560
937860 266 933
887095 109 822
681166 330 766
695820 137 619
542928 91 220
521918 315 693
30955 976 139
174723 742 941
667201 599 259
961737 983 992
763238 616 832
797992 325 236
272677 350 749
610738 157 624
176419 976 441
149975 822 794
612259 271 230
871811 28 451
347223 356 415
717368 784 594
740135 725 328
241954 787 567
728506 310 471
940541 648 271
771642 180 159
35556 848 785
513324 103 857
261878 231 666
969347 73 879
165029 324 411
995930 589 228
792125 50 766
4860 709 196
505199 577 282
214455 303 883
633869 727 470
164198 846 570
86907 42 311
272854 802 384
333526 229 963
284316 815 157
45408 229 709
681994 314 931
857056 733 860
237952 804 447
551006 739 180
779980 142 593
912362 449 631
49396 430 447
847717 860 194
563815 58 170
581468 1000 417
597723 995 596
209619 303 987
458282 949 424
765461 238 40
272772 388 50
789979 253 540
619614 717 818
353784 498 827
291111 595 551
543938 96 471
588230 745 92
157881 952 294
833822 730 31
858451 177 110
630054 536 507
527605 117 570
349354 589 382
907412 213 964
6143 695 790
671364 900 373
895208 450 726
697443 956 272
910699 31 537
818376 267 672
46442 242 306
889734 58 512
127812 345 966
143337 13 936
358681 818 278
427296 606 397
471953 414 405
598961 229 133
705249 357 619
591864 870 178
415979 503 431
650842 509 623
397915 281 432
978930 765 609
338513 874 270
295122 528 117
240003 191 317
7555 97 386
380162 670 608
610965 171 811
655420 519 318
425403 252 949
998703 49 46
363583 198 283
424169 44 385
199169 741 45
387561 348 933
26823 585 420
366848 82 192
138916 682 922
198191 37 199
154124 912 609
644085 226 222
652821 179 155
938305 640 332
905099 606 452
65894 699 812
599834 1000 45
381357 253 110
129943 134 581
116511 449 29
108044 243 238
220048 464 435
795169 202 969
458927 432 343
942000 866 742
889288 809 309
99184 551 837
193422 896 429
597485 777 602
454158 101 84
935527 405 57
632062 745 283
824350 252 770
238616 436 105
305853 147 695
293089 920 777
571271 801 303
133196 788 93
242577 369 518
23984 380 458
874021 295 878
227090 220 460
49534 164 295
240422 594 697
284325 879 129
675590 864 964
929370 476 458
741313 162 211
802780 824 342
30243 222 65
713044 408 923
727804 213 164
978822 487 492
357320 590 952
95298 87 386
64734 663 919
955756 980 849
665832 381 505
492600 29 149
167203 557 977
828882 914 581
356810 83 478
193646 208 154
834157 673 225
37825 292 379
645143 101 414
356139 849 509
707454 500 791
941873 285 329
555896 175 110
912202 723 594
30830 657 487
947672 693 624
320672 903 263
95114 322 57
863908 571 193
714016 551 522
374666 499 663
735396 116 638
129223 168 30
639247 749 289
428380 743 726
678476 966 646
171729 108 89
917558 958 499
415194 603 439
684692 650 63
847611 779 45
158617 964 908
641505 523 90
177077 940 394
712934 351 240
989011 655 587
689232 685 637
170958 907 68
423563 675 72
122951 896 802
55271 502 523
946692 76 252
259498 529 64
953216 281 179
131753 585 366
213704 739 802
235423 66 129
209991 954 851
509347 103 342
534921 848 946
87767 771 844
400264 322 357
302727 479 364
416680 59 199
988641 184 319
232389 998 310
801564 796 407
266894 926 811
803618 401 601
722372 357 484
88294 156 796
19502 780 426
518889 524 697
438238 780 926
15430 345 451
593170 395 791
846040 76 972
301931 285 893
691433 123 500
369175 237 558
381109 984 38
598511 506 608
999904 156 461
936080 151 722
828062 724 845
127706 386 15
555771 201 838
972481 54 603
366291 714 485
572842 711 301
697140 183 807
601852 88 990
280091 46 744
785020 678 313
146278 321 477
288701 622 149
98332 394 604
850397 567 279
765954 499 234
321684 43 877
113760 595 364
939343 978 291
407463 84 837
201095 457 151
52923 617 834
347273 552 98
422777 966 671
302372 476 309
547988 574 315
488357 52 422
429807 290 255
364997 645 409
769674 208 490
553864 487 688
709332 159 339
120648 276 432
73127 153 379
530229 940 580
318950 208 173
365079 700 283
25098 219 683
381366 50 6
977749 583 680
928949 231 136
882292 657 823
753464 268 429
113878 124 65
186124 524 822
557320 733 135
986538 398 42
73245 523 756
986193 368 164
147427 333 118
157613 771 977
485394 746 95
966296 590 639
381361 678 707
527098 330 557
20326 470 958
459758 28 906
792146 782 656
129701 840 434
76321 29 944
232787 689 350
901297 459 212
896128 843 995
970005 439 624
722955 80 853
176415 725 368
355757 235 26
775803 689 64
820683 24 584
247082 901 886
190594 74 935
183267 905 575
338509 341 305
813794 922 413
733318 854 209
154311 456 31
552628 363 225
215741 490 870
298207 382 254
359664 167 540
658788 512 671
857154 996 566
423902 375 912
269692 262 904
702037 940 423
735806 519 856
339420 950 545
864084 308 827
389830 27 627
344615 3 220
339226 758 265
79765 314 11
340026 38 219
537662 851 394
339121 285 702
174201 876 930
611022 567 641
7119 227 19
39885 806 676
472025 278 949
264781 560 810
537553 487 751
250892 65 632
699258 290 487
449278 441 21
210543 149 153
44112 618 565
730246 66 342
885316 314 687
508621 545 310
38552 586 432
78010 366 329
614750 340 317
827302 636 391
476937 531 19
898639 669 199
550676 717 549
977001 916 564
945600 809 71
975332 611 472
21887 864 684
868745 77 628
434927 182 730
956055 823 670
453002 568 507
466361 19 316
810012 337 559
539961 79 524
944698 825 237
225483 116 202
275985 544 799
480185 508 148
654675 63 84
894348 184 727
912304 128 308
759063 403 757
764925 155 812
928036 884 958
740599 739 900
368613 265 660
289389 764 369
208499 425 771
819409 471 9
660067 487 511
336865 237 489
587208 530 308
297099 959 814
594395 895 491
109176 12 425
53712 111 35
555139 361 409
558581 11 504
490468 414 226
467671 860 663
997678 497 894
146554 48 442
458229 99 19
894851 339 550
577751 338 305
102990 161 468
455005 779 456
288357 840 912
427009 857 481
384858 191 230
618310 415 7
115947 839 854
759221 239 753
332310 377 599
924187 199 242
130225 702 865
319031 246 838
83557 325 608
558497 385 60
575579 823 961
664063 558 911
115632 257 791
380358 937 73
424692 279 788
801142 627 108
43143 635 404
484578 204 951
405998 484 955
496827 987 616
922258 620 122
742993 908 361
300147 215 163
189836 594 243
54527 802 761
592195 5 111
818375 854 989
906249 427 475
48459 310 453
850210 336 909
639961 815 847
233959 327 822
995550 248 443
285742 973 241
726844 546 61
837366 196 686
504582 822 755
147996 375 235
137540 966 708
168141 800 118
677134 644 443
721002 433 920
183108 707 28
973452 876 640
263430 754 973
955818 810 234
130420 395 128
946023 741 307
329990 621 827
702135 144 505
916629 843 409
547559 714 784
408319 189 589
143825 928 530
977601 790 243
505247 902 910
153340 829 46
74569 138 136
384548 93 778
435959 107 237
74653 225 762
142878 659 856
790462 756 222
44328 694 603
586538 466 555
951775 255 674
995004 452 243
2127 830 915
205859 167 760
841878 549 133
216949 993 873
522493 775 247
218719 819 192
934205 430 779
847369 303 668
222548 761 570
227079 439 685
449176 564 849
709160 129 863
598436 461 937
783659 979 212
415871 914 145
647698 365 473
356234 271 920
910226 95 238
725179 283 337
818099 978 201
689478 517 323
611243 351 86
622274 551 167
740797 247 375
222821 816 111
605311 849 258
840922 614 765
128943 360 698
187988 432 633
572849 854 691
336429 817 904
518661 72 462
233455 979 911
597326 928 296
580583 758 464
496047 736 725
18639 479 824
23783 495 459
299205 496 577
803534 472 404
545338 774 608
974643 585 143
296102 678 161
367191 977 16
476254 567 219
924092 656 401
814637 677 238
176760 645 996
491497 52 38
868637 414 114
922870 574 505
391951 438 702
290099 150 709
708233 933 860
403092 282 724
545591 492 352
290140 922 669
409526 15 853
3448 10 265
758994 864 323
859971 653 186
872120 17 429
342330 780 160
817391 706 141
848361 738 714
794690 675 827
659335 932 671
591269 53 947
992608 763 928
576257 870 88
389253 367 753
233195 265 418
830279 239 374
617934 833 727
422617 317 980
692340 875 971
741845 180 499
44962 304 528
704190 546 594
719230 892 266
228268 133 227
412188 355 785
603452 92 76
200551 619 440
750202 316 375
52387 613 302
859503 412 347
772931 458 385
760363 591 853
151354 520 511
788270 447 535
206685 318 80
877947 871 829
172910 81 165
953479 972 830
316531 489 904
728466 170 288
812762 577 50
84076 292 815
369123 453 766
966962 254 75
203322 946 622
998235 593 501
459206 75 5
183808 909 381
356178 442 408
406846 836 559
844255 336 795
64356 891 923
95652 226 373
585050 455 661
560583 627 159
575391 731 371
940601 429 278
433315 323 517
347856 315 627
807755 233 659
597189 422 238
495688 534 305
898978 524 894
518190 264 773
640513 988 509
523377 749 754
380758 233 911
739688 805 915
584023 109 87
883166 33 27
672720 714 809
884789 165 492
441950 191 83
292463 813 172
647223 842 673
378496 585 463
779603 408 738
811008 495 184
295838 474 678
40653 426 453
182247 173 713
271150 199 15
983837 229 289
875740 64 44
645218 52 256
142597 422 362
739033 400 704
382415 132 689
136287 769 761
633509 808 962
743405 236 471
544272 342 11
259495 667 199
753591 303 338
940405 379 524
14165 901 299
244776 214 653
297686 31 156
440597 869 895
588910 885 164
872797 47 714
713322 664 145
206917 815 97
250406 285 223
288870 835 29
369828 20 138
11519 413 928
859404 647 712
571131 196 135
429789 339 723
817719 182 877
290876 931 752
730972 923 380
14381 795 748
760534 158 185
749905 635 205
944405 188 436
610403 161 346
7716 130 450
105331 744 873
266427 223 317
187579 814 586
657362 519 807
38560 770 857
196834 581 788
856839 528 134
685198 735 923
355801 503 96
953831 578 568
401111 93 766
168503 25 640
120875 733 369
777193 330 404
441968 647 618
488206 684 974
315532 913 190
636733 325 964
314674 164 630
741955 394 784
935762 355 776
135417 766 190
691653 562 992
285149 462 591
632010 58 66
458313 155 9
827034 649 68
803212 524 950
372712 908 703
893212 571 197
145390 381 1000
891430 228 801
37322 69 455
411743 637 106
264086 172 255
698533 513 316
37139 881 198
906892 418 24
472167 827 575
519629 991 22
157601 428 237
213704 710 88
768687 158 555
442486 809 555
27718 839 862
952947 85 871
960328 639 611
554483 444 894
589510 115 424
858175 501 834
564749 707 711
957053 207 785
619933 886 196
820740 5 214
230556 119 785
23814 241 840
483675 669 237
403708 907 217
64755 222 570
79436 416 605
644039 485 341
26349 264 446
687852 546 1000
180067 10 588
293162 62 960
922505 291 705
87248 122 819
235484 149 642
97777 81 544
110579 773 356
607176 284 596
498017 418 937
154091 176 228
878060 639 593
258105 899 547
940481 433 716
185821 308 237
760671 943 894
995145 544 834
413805 886 696
226031 510 255
823360 206 637
207884 372 992
202785 761 321
542950 774 77
629482 233 475
713846 637 22
437907 940 106
253420 560 567
910554 697 614
113007 37 630
825630 946 970
612927 450 517
398239 126 182
892504 215 175
874518 511 549
611338 603 869
951848 4 137
158693 779 515
107538 157 301
509930 312 665
481112 457 744
978565 798 757
324948 447 161
717658 895 71
949346 154 362
684215 227 704
179568 436 518
994110 594 671
29958 783 443
978571 403 663
617107 941 285
222718 966 387
651866 918 141
28590 754 771
318353 904 423
523463 185 561
673389 573 483
70583 470 523
926840 394 691
395754 282 797
41453 679 678
77868 805 164
244020 133 915
348825 712 381
533544 198 586
19448 922 416
44736 382 173
320900 467 154
141344 851 338
668752 200 642
822919 996 413
808338 77 346
868306 104 432
403578 709 985
454963 92 105
117128 114 701
784452 428 465
566731 331 892
403944 931 309
311726 472 563
448542 656 296
391076 83 842
424744 535 182
717396 673 318
215467 203 616
209183 242 901
671510 897 613
106305 637 854
545718 372 424
170855 912 970
215481 199 987
3361 867 2
698895 379 937
682296 236 230
144541 136 972
137232 769 522
880766 398 552
313432 920 544
117655 820 241
214224 723 153
413822 570 469
522246 450 787
281684 275 752
251967 16 301
505964 586 346
644102 373 307
460151 60 717
41638 172 267
994589 448 629
957264 725 47
975421 369 714
980983 17 688
42136 987 189
164513 811 190
615269 195 305
997054 217 6
275975 562 689
411789 205 230
885382 935 226
657612 809 659
143534 692 986
930974 402 77
164128 220 77
860190 293 173
919123 115 45
906599 334 315
440180 510 865
601329 151 856
81987 450 563
233954 857 628
929641 517 610
189724 894 163
581541 663 559
284931 820 972
447981 155 541
938041 993 372
225015 755 601
427644 467 338
42701 818 373
60973 524 564
225148 228 456
520920 984 669
230740 637 878
355674 508 716
273604 246 848
356737 791 999
537193 729 383
136115 376 775
843803 15 308
158588 758 967
807749 387 778
905696 482 957
263712 227 352
233695 346 53
331397 940 97
203400 151 410
5991 988 143
349470 851 227
521491 349 825
428713 908 551
782389 438 480
911034 32 914
568621 548 807
342292 949 75
809265 916 303
674105 16 912
82423 49 454
882833 230 120
560097 768 941
669362 734 81
127780 267 841
389480 704 195
764808 302 329
271418 983 743
332102 606 923
167099 832 547
368374 472 52
811307 339 490
842392 71 414
737685 124 679
102836 885 908
659527 901 274
390234 198 289
184833 160 468
589024 90 906
882883 613 826
233534 612 119
878360 32 532
105393 220 779
524043 460 867
458751 557 45
236684 672 998
287793 316 767
706679 681 421
236618 204 787
167923 793 993
581768 719 924
379677 801 817
949532 354 709
290924 18 687
690555 589 651
59465 682 916
806066 181 197
130182 514 546
633377 411 169
644206 648 830
318547 946 620
547830 761 697
617688 37 13
775424 356 154
570517 552 97
4908 117 349
603009 244 280
449521 100 896
603590 526 635
935766 146 868
720736 742 326
711238 471 181
11326 776 238
883904 748 337
481993 118 655
798535 172 418
838750 812 188
248163 9 847
319169 387 481
596420 318 12
547658 510 323
230714 306 928
795521 606 484
120482 578 208
451360 282 564
243671 227 25
228063 669 658
798360 873 432
763996 970 15
963110 847 574
455416 273 417
663609 236 115
89233 284 161
10247 664 453
160401 226 956
128476 941 766
817356 580 201
466964 468 589
47208 583 589
183086 669 181
856262 338 752
643572 63 87
205226 805 439
765682 408 493
555883 573 955
809226 426 348
109985 809 719
350507 206 63
274200 614 931
522037 773 4
348694 617 741
733387 34 349
568079 925 501
89529 48 100
588824 524 135
641769 472 748
769392 675 70
435040 549 670
99740 266 660
817543 518 207
979837 519 574
8623 498 520
515277 497 959
905679 304 949
881691 175 527
520380 751 687
889186 222 992
199896 277 895
381925 143 602
826977 939 740
877218 580 66
628889 496 548
760612 441 626
615508 540 200
262087 485 872
481869 984 749
868646 240 267
765399 39 695
850162 450 979
720127 699 665
102800 581 836
473754 715 104
225021 843 701
636891 739 304
831066 231 797
727077 459 146
5778 343 268
533009 9 774
541966 329 582
947826 419 345
566032 658 557
307615 828 236
355071 683 434
539289 519 901
764164 393 800
158382 663 850
964012 835 783
475182 197 208
306508 91 638
455268 181 891
333961 325 957
602087 95 337
905791 214 119
888044 314 239
937235 767 620
938492 968 587
29255 380 556
792656 635 443
742686 624 935
94600 791 170
523389 552 778
541438 193 96
877789 721 683
35243 248 815
747567 423 754
306060 872 4
609836 900 592
98127 119 331
209237 792 286
138334 782 409
407185 575 668
252821 160 985
817031 461 603
421813 204 396
330324 53 541
177404 781 845
936201 438 770
929040 345 758
168988 859 184
854255 311 682
156886 345 127
969007 290 253
90374 557 130
469400 814 907
59658 966 490
331442 476 198
599698 982 583
703221 836 262
139828 437 148
71824 720 287
60949 274 438
853595 338 446
99059 738 525
950823 907 611
165434 757 693
71138 943 532
658196 326 121
596556 577 633
936555 974 419
360596 508 305
684115 266 795
632106 548 222
5199 852 136
962142 984 119
919890 303 709
331377 121 413
123914 356 994
973190 257 904
672681 898 309
330260 533 346
646215 842 704
800949 704 582
141125 469 178
797029 546 53
515501 80 201
15957 486 172
514171 788 220
849026 397 470
97886 177 971
625137 120 532
987103 410 232
565445 175 422
723698 821 961
103941 442 795
880003 128 95
275355 590 593
342647 191 87
203136 115 189
355969 742 312
247939 58 671
354918 961 441
171503 88 343
330261 524 747
508769 30 80
756508 317 104
593222 652 102
885172 412 840
46104 563 165
763760 173 738
884586 230 212
166892 722 595
211683 193 410
832818 856 657
955254 330 516
868162 114 992
511140 544 881
43560 194 458
556154 624 637
880320 499 78
395333 776 544
584529 91 909
898816 430 913
208107 700 673
113986 278 610
646397 907 539
79305 47 426
818885 95 24
862647 965 621
955314 661 240
358193 973 862
683247 608 43
424194 487 534
815115 108 750
273354 215 131
281343 442 160
172939 281 110
506977 121 351
539880 720 265
899443 59 157
615199 882 282
334888 48 948
542368 29 351
583970 791 656
157807 240 318
462977 589 645
345504 484 687
718061 309 124
894441 620 691
576810 125 264
372681 844 688
162394 263 383
64665 46 229
366789 513 854
703920 153 353
89690 755 576
473068 114 168
105912 607 160
456160 813 923
630751 108 775
538279 58 263
94867 297 546
472243 777 344
945503 837 489
797324 187 395
364275 215 50
298141 3 21
49665 936 435
341442 607 191
559770 523 296
715254 694 120
979192 9 9
776111 281 626
758208 913 672
529212 728 479
70524 524 251
992882 406 602
525484 837 435
38787 333 390
921774 261 133
638131 506 892
310154 950 419
882698 150 673
425538 483 17
724240 301 678
545465 385 234
117795 819 82
260209 848 228
200198 515 450
415987 992 853
60905 137 336
968674 959 640
822723 898 775
571085 455 968
573523 253 63
260502 426 622
867964 302 912
419401 119 770
863223 453 606
804176 708 908
857884 206 637
566440 155 132
301143 995 654
39005 446 460
301232 685 796
109427 141 946
530275 411 189
196309 688 394
944232 578 216
159018 254 998
994739 403 353
95931 255 751
293578 522 69
353775 215 80
787869 505 276
323242 379 432
163478 437 827
617147 917 615
772428 831 335
266291 823 640
698462 369 782
90764 158 956
705412 284 310
661731 452 339
428294 206 428
497831 39 340
748838 570 352
400827 5 155
834952 693 71
110747 633 341
341633 896 260
22305 701 142
975650 473 281
111017 893 803
78069 48 762
986958 854 723
200649 605 409
335131 707 792
103965 28 67
635937 231 575
144828 675 20
162204 606 740
732254 70 459
617069 686 349
98491 423 108
24184 629 344
957303 563 827
290958 888 818
260014 658 556
377031 83 434
290443 125 914
53987 203 411
121669 999 615
875365 887 145
473739 656 464
173183 817 277
46268 148 595
275404 135 719
756377 836 130
104840 830 786
310531 477 949
122421 28 928
709541 3 53
133662 624 331
733 345 57
32893 685 776
773896 184 745
276952 50 93
218525 750 727
937512 324 211
290787 512 658
291260 526 733
852360 360 410
975410 833 796
666493 586 957
888259 349 108
626620 222 570
360814 655 329
532080 440 806
797746 755 334
50058 303 179
771437 172 615
991273 848 429
460671 550 481
291075 458 368
755182 122 309
794162 943 554
226697 852 181
100817 258 718
914021 220 99
972396 193 708
377460 79 358
720797 32 857
520223 430 159
548859 812 787
525248 152 389
191961 722 436
921278 424 904
736072 804 241
298540 958 515
825270 307 906
513070 819 44
670713 656 699
718703 576 627
734069 853 633
952549 768 924
713358 760 494
555369 238 354
503992 482 536
883545 597 597
646499 234 706
179508 145 932
535733 39 385
564256 580 835
669960 816 983
928715 37 411
858022 19 143
961908 636 307
671153 176 305
368319 166 955
132855 100 646
330324 122 614
175442 870 95
247664 160 999
27068 954 13
605283 352 84
857842 907 472
152638 413 422
631823 670 159
607850 676 251
534614 661 160
386890 305 828
374578 152 886
890519 696 767
434592 551 821
46078 354 95
710718 892 140
82383 486 703
546320 278 115
558730 918 788
799970 117 406
704022 760 981
782422 951 54
577299 29 314
866953 776 754
926360 428 286
571062 680 748
971466 135 192
381840 102 16
982299 391 858
920547 449 372
870956 853 888
472912 416 755
733984 722 522
935602 248 969
376652 105 892
210731 59 36
907972 605 235
490563 26 330
108308 67 431
591569 759 702
266710 333 353
874144 219 761
225575 304 27
141782 461 436
368863 595 243
590453 316 35
297309 400 538
509579 591 561
500446 78 497
666803 550 161
34586 17 558
605875 196 890
125365 277 85
537222 708 746
311549 805 407
843136 568 701
919139 590 493
771661 707 721
17940 374 422
424691 25 624
295504 231 378
248588 113 576
413120 844 925
598606 562 46
168816 741 299
564517 332 517
401599 392 634
956088 512 582
282739 975 524
479651 547 983
560189 712 238
340339 78 354
85200 305 114
711105 986 609
586536 521 785
719044 33 76
908367 746 777
980024 969 915
253056 55 722
728514 396 397
900638 139 677
406900 902 673
848429 369 253
447122 720 393
984404 275 511
155154 627 401
151749 378 276
634597 642 43
371376 459 355
936566 725 724
27937 780 633
527946 368 692
381348 851 279
763420 933 140
993533 541 881
684775 977 155
932378 177 109
838214 101 694
385400 830 509
213398 756 63
54697 313 892
378463 984 371
204046 896 138
375540 501 627
820468 323 228
503314 576 312
317948 163 551
251797 201 589
574958 423 379
587203 651 738
970090 951 641
586599 908 950
904591 156 630
621759 708 717
290978 802 662
228178 260 585
873729 724 709
108962 215 886
211783 859 398
874974 85 512
392390 591 893
204942 881 753
876605 952 423
502192 244 637
912427 539 537
172563 760 274
696230 162 280
626304 432 756
864261 509 107
291770 315 672
827811 451 437
999646 151 88
917695 695 673
882685 796 501
362626 464 226
254035 921 837
707994 40 10
957237 543 505
525366 248 767
559492 108 22
490672 222 559
979197 371 95
452458 580 2
868001 800 955
289524 685 288
126172 296 550
546795 762 917
591813 835 714
778738 860 277
120919 431 410
137347 659 29
308853 500 881
999079 141 954
990920 941 421
129250 579 166
186538 132 92
946107 713 874
312213 600 848
955415 807 758
786958 615 289
619736 502 352
175911 746 77
981225 167 618
887265 240 990
418834 971 887
482407 859 448
889155 939 64
382059 409 371
288164 492 937
921540 955 336
197410 732 625
665831 151 79
43354 810 564
295067 143 9
669956 900 546
516027 244 996
48333 878 607
914783 64 653
22471 986 612
760364 726 115
739447 722 885
577687 44 772
657307 303 943
552238 165 38
908132 54 116
356170 582 408
283492 124 772
135024 612 983
754801 769 801
708307 524 767
813165 391 741
142031 653 475
379294 715 871
681606 149 493
374150 227 863
716464 9 721
154345 905 838
57416 802 797
995114 302 181
20633 520 767
197943 285 807
225473 299 366
726123 627 309
219845 608 545
356443 443 269
705078 602 605
91236 309 547
503693 684 175
590063 369 143
872960 902 555
214060 680 771
766560 773 293
43827 331 603
339973 54 924
151299 742 805
975642 821 848
76760 281 188
3903 471 984
978820 942 868
680152 143 407
105156 294 876
446466 55 155
271089 567 32
535897 510 139
274755 800 979
93251 643 719
384146 555 922
319718 979 335
534495 163 792
973016 986 190
556669 515 252
153237 590 398
809617 263 208
74936 522 368
641479 726 264
835452 116 319
100290 892 668
897827 999 695
135987 41 657
944257 810 620
652229 70 581
98012 470 688
677708 335 959
916858 832 129
630253 479 57
897190 169 412
739377 139 41
981695 164 3
350751 55 837
474808 90 8
802255 572 904
230141 328 147
398619 465 1000
12504 790 433
69180 361 697
797774 97 23
780121 370 673
535875 663 430
687544 561 113
460432 359 378
957439 324 629
268728 157 241
130457 473 727
326041 413 755
63938 77 717
863847 907 982
28828 654 817
943508 120 626
156913 26 962
226087 772 840
887940 421 910
871609 166 233
662722 872 526
714563 753 685
477869 964 886
45108 349 15
795204 426 486
775408 853 547
426468 842 915
521841 869 182
518166 610 777
335281 751 28
758859 994 268
601071 24 931
185544 347 586
913564 699 708
353875 728 607
523921 367 229
626072 116 29
25236 793 47
102499 430 248
72564 545 356
601550 726 235
654761 431 427
548285 826 798
603233 851 884
336580 918 964
646447 172 591
768428 668 307
823809 519 962
182760 832 825
400187 855 626
199930 217 614
248014 538 959
814771 9 988
320369 861 866
834041 220 338
949872 184 538
801846 722 83
400066 561 586
656842 164 373
875060 406 958
524058 628 646
243860 595 924
907317 478 535
363802 420 213
690822 795 511
694092 732 794
996239 527 475
275278 680 818
100532 84 769
811895 847 703
11376 90 265
272511 875 434
764095 245 140
34273 703 734
201865 435 353
966576 786 89
779242 510 233
910020 484 479
229501 915 884
149640 530 789
115974 546 245
935312 218 364
134094 188 401
614529 412 105
941856 601 433
855257 154 952
238020 299 238
235068 613 253
105503 25 702
132530 617 344
337142 250 262
933820 543 813
836164 855 692
771261 861 288
958737 377 513
123193 453 473
952865 12 609
297135 634 228
133235 242 341
466018 475 891
885680 180 772
279241 714 279
318795 143 378
813410 976 350
434750 303 481
141784 559 389
386653 661 522
95938 169 505
616504 917 671
111103 441 666
428467 713 789
652207 631 599
235733 378 875
84526 740 868
776396 908 405
135866 75 558
109291 486 649
28679 118 611
119799 937 953
123120 509 91
759726 458 451
477948 127 314
871892 82 307
50500 685 640
426114 509 450
250517 652 919
724506 96 969
330887 485 352
747386 841 328
28815 815 422
381614 182 167
602361 480 680
751455 389 157
226343 829 871
672534 676 84
385732 385 821
445902 994 855
290242 270 403
862884 430 560
38148 814 370
264620 681 898
909795 620 175
800511 90 169
620399 73 414
661416 176 726
191843 121 204
179605 708 786
268300 455 455
929869 825 694
675137 366 780
226703 970 730
118678 514 800
46865 407 261
594022 381 15
78732 605 293
935852 333 132
318409 638 947
407391 4 405
694788 873 407
14622 183 825
388743 887 302
718142 513 419
8115 428 947
633195 44 584
927037 995 554
125621 160 470
219658 890 109
360018 7 927
221981 81 508
448991 704 169
189285 159 215
180174 655 450
463476 372 907
937409 375 894
240955 593 794
26072 314 552
374020 258 477
893976 42 387
152060 818 393
385597 693 79
92690 222 692
44962 674 147
467701 941 309
144568 225 379
380329 708 853
69065 418 986
481388 199 840
75333 627 551
644675 296 91
516199 94 982
598836 120 156
103988 769 926
823005 326 503
9742 194 346
909806 699 830
5618 673 3
939269 402 6
504666 589 611
572276 429 81
639589 648 459
942828 210 104
180857 871 393
830203 677 936
923393 977 201
993719 960 567
406881 438 970
825109 536 699
6877 147 369
501498 426 319
761593 856 574
690865 738 846
745349 354 794
807853 478 12
712647 684 66
490030 386 519
237086 798 608
256715 946 903
73504 63 928
323776 777 221
105808 868 773
429111 952 329
789484 885 420
653090 865 741
305450 882 24
468484 184 773
289720 626 712
976943 487 50
943839 525 393
697865 463 553
950240 117 176
681078 224 535
271855 606 253
72732 216 961
16747 718 75
267606 474 944
675006 833 269
328753 806 588
528187 555 406
680966 259 77
154679 495 154
329258 13 566
917994 828 833
66689 483 643
868591 97 317
927945 426 201
427465 207 447
624829 540 478
794567 87 515
78114 977 618
21378 658 166
194951 190 305
1129 825 551
815807 607 216
841601 102 52
188680 354 556
506244 334 487
687008 856 929
772488 295 576
684600 226 711
586971 923 887
118651 105 81
117593 619 298
145014 903 284
730701 903 614
258234 391 980
441447 568 228
745436 295 9
478887 967 967
400400 701 854
725720 30 650
679745 740 672
776889 920 301
662890 69 166
817806 829 815
772826 956 75
809632 510 875
249049 6 780
920876 16 959
808114 169 11
825053 743 526
300984 374 518
869719 952 708
844601 145 154
173033 602 755
899719 475 839
540740 36 656
771756 822 959
563297 821 6
383126 715 363
221172 36 157
722825 780 126
13625 360 429
411619 149 383
715195 409 440
679953 605 795
520658 904 913
896590 168 100
897012 523 336
902522 617 222
819632 891 393
183060 790 186
285903 558 506
591260 952 786
824438 765 341
144068 138 940
899718 872 726
844935 897 4
627552 173 311
591092 567 705
89807 134 576
790175 276 318
736690 806 728
381472 42 229
467626 350 367
900935 567 445
31958 442 703
221340 497 69
706509 885 179
617746 875 997
362487 330 605
830429 283 242
554194 290 327
272970 943 330
943058 450 86
254539 741 212
120199 81 519
51760 633 125
435809 683 313
632856 82 507
929986 705 538
117866 933 216
534987 936 759
3561 619 476
394741 894 485
43283 190 366
705592 637 705
950833 570 793
115564 55 612
593570 883 254
620605 797 76
221288 669 857
267025 468 995
465306 779 730
583818 706 752
827393 810 646
829369 211 566
958158 389 152
797055 278 1000
979200 168 263
110556 269 305
381857 117 691
211633 241 968
594108 20 391
546998 860 143
96513 627 115
869872 680 22
486930 927 766
567014 521 301
524501 362 97
309957 782 238
321144 983 563
128918 767 395
201324 825 256
319312 369 603
345546 138 408
974842 788 188
603265 549 357
382883 167 563
810169 928 484
292395 844 586
791156 557 189
105580 264 689
359050 511 452
811824 645 147
12754 831 53
791204 541 959
359644 252 935
686630 684 233
59675 198 551
395078 963 212
774639 156 604
820862 294 262
516295 507 228
632328 672 604
60320 111 107
541056 319 455
280605 695 273
343651 492 210
886379 105 959
206361 944 983
829499 617 348
490763 811 855
966090 28 681
501439 206 224
101570 616 422
602411 496 262
359912 357 675
175363 863 269
894618 644 578
438282 16 932
663681 191 625
666041 701 398
736561 171 71
82865 445 96
644643 78 412
951684 962 735
198087 848 14
998301 945 160
397507 42 928
395396 343 947
236579 72 131
550945 240 656
527007 187 242
427636 940 779
284019 654 225
966469 764 340
174212 882 784
563796 600 844
920920 572 919
486578 146 704
664306 792 515
895964 604 710
912135 153 243
729258 623 181
974750 331 48
525683 484 904
515272 836 529
550265 480 969
102802 659 831
390017 158 880
222896 95 789
765753 821 293
985518 494 17
370941 820 686
645851 477 531
160304 962 188
810947 137 624
52002 639 860
141754 443 449
555080 310 101
732288 37 970
417709 368 748
299811 849 640
794608 240 182
333900 655 267
797245 588 237
390125 684 993
634539 292 673
329274 339 633
613656 215 706
678879 895 754
305676 16 219
498998 217 253
419596 980 202
541442 675 463
364899 737 759
682182 286 30
782039 235 152
722283 568 135
982969 246 619
543449 13 661
71517 158 454
874207 321 684
250425 690 503
125737 191 376
913453 241 837
71091 710 515
637681 6 512
754088 699 498
482218 756 137
942457 41 262
703334 526 533
151478 565 820
100551 101 651
824167 984 928
961714 655 515
605048 870 411
884744 359 278
491569 209 170
786771 863 316
463 208 812
690584 304 77
501607 371 471
406677 152 261
757649 781 701
687500 671 730
453192 242 129
13947 363 842
908528 880 941
147045 854 186
825270 42 649
178548 689 387
245787 977 525
363232 366 866
149633 525 555
781435 33 74
471049 813 598
138344 229 890
878262 498 214
834718 905 672
579017 367 24
334250 926 451
222478 106 773
388578 358 760
601257 151 733
176608 702 817
844462 786 903
402763 246 14
796813 223 48
599848 236 404
947330 818 575
327885 512 777
22690 9 613
640451 467 274
726344 741 705
874302 577 25
836818 580 69
915980 670 372
996861 58 753
148821 510 517
955286 105 937
514133 312 583
464905 775 651
99036 624 614
94188 381 407
855980 914 490
310650 899 138
29017 913 734
351554 240 12
703024 800 892
145932 70 916
914616 293 733
128431 987 475
771229 258 624
833694 681 355
806135 125 821
263639 696 541
383855 808 498
886819 787 187
504605 869 916
734737 189 822
728898 797 578
793061 857 682
951073 606 150
880300 680 104
235984 732 877
682380 995 316
394643 696 198
149014 30 144
260633 955 579
363777 198 472
832889 168 656
949314 775 139
674842 622 279
75239 174 945
581448 28 686
531254 610 723
793992 183 785
378560 785 230
720052 376 712
726495 754 622
581693 773 162
2409 554 180
121119 780 568
874589 899 775
735550 732 761
647905 977 574
641240 356 615
777629 588 227
262534 131 534
115522 141 847
421181 13 234
984261 952 30
491792 55 743
723803 439 224
607273 155 356
372830 570 91
320540 71 124
195133 900 928
978203 440 793
219445 398 649
359820 295 471
488651 889 829
85750 783 67
891840 853 201
951797 661 49
583153 387 471
921183 325 80
18726 869 468
810298 358 473
577678 94 882
807421 417 807
564345 939 774
135108 830 956
845879 834 317
64582 653 514
272100 665 667
740526 767 421
401195 231 753
324363 860 795
397336 866 98
95858 524 907
654799 33 502
901794 157 323
678053 456 788
982500 769 410
913772 398 530
628430 640 610
201072 128 195
375641 576 372
816426 575 587
989215 470 22
475023 549 213
657933 534 869
857164 206 485
598768 920 415
359142 974 732
251623 376 300
787714 11 494
912436 997 911
152168 110 924
165813 500 594
33667 120 323
130177 306 935
723783 940 493
242806 680 259
849018 163 300
870186 725 252
250485 781 363
235282 631 306
756392 295 257
899155 878 837
572117 901 222
888343 424 452
426858 423 323
84 262 792
160766 654 752
510760 27 878
249695 848 738
837618 821 540
796558 365 49
140163 621 576
311243 168 541
520136 866 6
753546 65 775
472639 842 864
122210 923 818
676785 999 550
316520 124 211
270103 21 168
677057 939 443
946551 435 852
759850 156 790
130116 77 638
739577 710 159
447015 152 269
694971 28 394
46056 381 860
229538 677 861
200381 95 275
184957 891 537
376928 710 673
853924 918 715
470303 651 801
434100 307 90
541358 387 304
830558 385 593
29423 467 3
422290 489 915
953261 438 736
634499 308 605
374781 52 276
804684 680 366
809508 362 306
165532 401 199
785913 358 274
563201 887 392
935018 311 735
758841 350 486
482358 832 53
248167 703 523
566605 248 611
981221 509 965
550113 629 368
939036 747 638
573350 290 293
97998 123 192
344869 764 617
361022 741 520
393703 683 979
203387 987 962
861238 26 826
885801 558 564
573033 27 451
629283 607 469
798003 55 214
858141 471 482
826095 520 891
380127 224 58
984247 258 986
612227 778 518
474683 442 914
612793 774 251
420971 833 113
347389 245 918
418995 599 152
661535 391 355
737681 468 454
697230 686 634
62744 506 878
697599 918 113
420751 475 924
626133 85 573
499885 142 350
35618 770 146
388038 89 405
551765 239 863
956660 977 907
587445 660 890
243349 684 581
223324 827 724
163657 920 586
912763 325 10
297815 459 928
742216 632 237
60416 437 965
397988 265 130
200200 212 152
976352 865 33
109439 949 241
818461 385 149
892100 931 169
683902 972 969
642888 104 581
898314 18 389
653188 55 277
335631 964 916
469602 596 554
467030 339 105
536280 310 837
879771 897 65
986231 898 512
936449 107 173
290277 873 87
865291 693 432
847117 736 864
362019 96 341
486716 428 344
10595 930 873
293150 206 425
65330 227 659
307102 288 223
763492 343 589
42188 565 947
585064 232 242
609552 75 612
190371 566 827
638937 762 418
818798 618 337
987874 416 312
238662 596 934
823892 587 450
974143 842 166
205388 509 142
914650 163 742
355975 805 794
631154 57 600
999047 329 519
662837 991 374
560362 628 425
734660 30 691
862388 734 252
251670 799 646
825400 983 412
484431 541 69
349680 857 670
110460 825 357
678077 332 55
875240 612 128
382187 68 390
319460 315 699
288084 211 111
3727 849 505
347719 594 357
831981 162 592
116322 154 27
445873 838 819
769984 281 80
872626 777 143
132607 811 493
294907 307 603
18809 59 638
248608 887 816
409592 335 992
474237 437 369
387546 297 30
83990 192 6
382482 988 562
304553 240 313
259962 442 175
45454 62 699
33115 719 924
703876 200 378
913061 481 139
741592 304 679
621107 752 551
340212 162 37
962507 369 954
295411 823 475
598949 42 28
270090 122 239
604359 628 190
985546 344 265
841275 829 376
547160 364 447
372451 210 865
512928 645 616
367700 530 201
685106 577 531
245836 551 545
952186 392 76
929160 90 915
445588 829 76
268032 22 238
548490 684 39
716527 840 461
824642 318 180
513294 402 744
310148 128 644
549267 625 381
922292 99 58
736093 860 781
496310 621 15
475696 66 707
80362 604 642
707265 218 582
357678 664 290
226435 358 975
371369 925 300
483514 478 211
510045 443 812
269727 704 629
868909 435 405
226635 865 312
226225 77 394
183433 167 142
486335 4 625
206891 778 71
493987 278 392
243604 538 511
277282 112 120
363307 203 124
77832 721 279
621537 673 280
963114 698 718
128084 426 510
697723 316 439
235805 404 197
250827 231 977
503002 44 465
790060 147 273
409214 309 22
753045 726 174
497200 76 66
673862 968 598
388445 791 915
148466 401 617
687757 303 349
287639 661 439
840302 863 61
477247 722 131
808700 132 391
760199 52 208
596520 188 686
524940 756 446
103313 326 10
865676 226 164
406079 895 449
952074 836 92
330973 623 753
922995 74 562
130104 603 424
694490 192 418
531680 273 639
712090 135 220
985726 778 921
377027 781 990
845015 489 82
294591 183 391
987063 122 406
545586 362 275
647897 215 497
187903 262 759
511917 844 75
284452 531 521
280530 703 442
923709 657 540
330222 907 499
183222 818 590
933526 880 172
86266 496 803
963171 809 253
179210 192 206
200973 787 304
106193 950 289
239182 809 115
751207 526 243
140000 415 313
929036 35 25
896805 140 339
355473 64 199
889692 177 344
284007 111 445
265329 611 829
212008 407 356
77627 52 968
416687 302 612
945642 232 541
589616 273 539
201949 234 843
190413 207 356
735400 491 423
137121 840 901
388544 132 384
674208 604 128
871420 851 569
809937 401 676
656629 276 431
979149 552 938
560341 459 437
175731 586 966
57488 152 391
161313 773 705
366935 585 299
83438 41 561
798506 565 281
389226 665 991
160281 916 530
1896 763 533
83655 332 644
656089 106 953
387340 885 839
726705 493 33
992914 497 643
324391 799 472
480926 603 28
640487 563 841
290249 931 740
940428 255 224
857643 107 389
772622 274 302
936100 166 770
410362 893 369
749546 391 908
160991 475 740
124905 97 249
849952 531 645
364168 657 146
292782 318 124
244486 90 654
432240 309 798
769608 495 358
655286 581 401
357550 843 24
62011 447 972
241100 821 918
22838 80 912
849523 147 854
833979 827 663
242663 930 491
799851 450 241
888597 182 877
47548 719 826
691807 708 230
672143 926 279
680371 887 789
570900 308 338
1862 585 84
266471 87 466
293088 322 2
505286 415 33
590470 70 596
65987 116 940
