4
48 9
620295415 856760225 165006699 540200613 26022879 581760369 546745535 470943932 815766375 13972033 924878567 483907386 990930016 594322944 951148677 733842118 148465283 518408978 418943631 125577337 583344437 530559241 852505895 888310610 188886286 690040879 349904221 623110110 586324286 954209888 279985611 659841032 884632497 171831879 465410284 760476076 560568515 630876001 752907309 433940959 710745952 224165879 895407445 965534670 617620066 307098576 223632161 660979126
848098773 697563541 836906825 353176615 177150665 627294766 497580468 680914350 540996921 762958325 813468723 633202247 166252331 825490957 360162916 871710563 997323204 845927447 393748020 543161221 427510395 308410449 400563615 36669754 464932398 739872846 630945853 408745068 971249934 605831471 493113180 416988156 318424323 860261720 48552003 717008826 895979356 254241717 627336670 104524158 466482024 40158687 867123119 339674844 516477815 715682318 223279222 986167077
61 55
270316151 320474235 207931616 189133425 102589032 99977897 592448794 63773938 38847487 372668822 92781269 630644931 665754910 484187447 797326806 72296850 540806542 562802398 932060994 1302688 370208826 421068579 337041136 989162715 375926988 706832873 681072520 586461903 56352050 623753693 472053434 497418031 730767193 561568352 320321791 797478132 635486392 861867648 804628101 800941693 775078601 780163071 150649687 252584121 865268720 891092897 923585298 120331935 554477046 732471676 116792039 45434018 417916107 689711063 293467570 183221232 176978139 856192585 175387536 532049025 724521202
981209278 56806787 657242446 141700729 828898571 251665806 79628218 648531452 955796464 778742771 435516663 996786697 516043432 992784637 726550538 445697914 917749612 36355878 722781495 142033301 17377426 61814244 195876675 342390316 21960820 351865892 584265951 96592882 366910217 759477470 670816780 24517991 582447723 811517318 701867673 913102129 246436984 487380649 12716838 903091172 324382414 1790311 359598608 237721282 396069338 866076059 876128793 569719689 2111949 799263791 204846703 411769284 90686450 423010900 454506286 286310587 294436009 783915253 563329928 94351142 716572498
39 14
67064769 185058107 248199016 937644854 625577178 462526680 338156760 841292848 213786653 479697823 721120552 849662530 482408028 703669364 598510078 543766219 545546543 961725438 30208639 522074936 682132952 99521017 430645449 132558688 898697774 66797252 545852069 101006145 65134008 126708080 291960012 611800759 470767538 751868432 200581866 552966020 672415090 568084009 105447919
875516765 293657349 812442973 239174947 130987095 353258451 20833031 229750712 59198060 453257476 364266726 71632199 488436286 693818958 512469783 661116656 652501971 830914274 213274299 449045899 134436306 104991165 234270120 319898637 201584304 706207693 22488055 358003733 603400690 979662581 644816396 790531346 523660724 82628502 341126614 772846454 304436472 989210591 517311286
70 63
977043016 67141163 884900523 567312322 265710769 942777058 252018005 225509904 327675846 569953194 564778894 880374571 253598246 72353923 908722084 531257701 823818379 508952643 176240117 941853750 415800283 48764071 775858854 514870430 858937553 391145715 367869198 797366264 690260263 289999907 717249848 292831055 49705449 624974927 284404893 779764286 129413238 239428340 168438651 418102354 124635503 609769691 910487125 865211743 763446683 438861291 3110123 154953876 750120062 149651596 984469091 804559705 242438995 381088429 28584772 844448793 378541123 796494852 587207540 183957770 25435217 311735046 648303031 172517119 945291373 61941563 852337103 175619668 302320294 456078550
668172717 720907772 104551854 24362021 441199937 380108395 212162889 229086655 859490935 78957478 524553460 83696903 788623744 93195210 134124286 427155150 196670695 227032438 131192150 288970602 961987848 965761738 886126590 71200171 699666096 259503422 485090967 240014073 174509017 903577251 721806236 549263598 490345152 999629937 837224339 680418879 951876471 524332400 708231569 494829910 473574778 626295082 506551797 210066928 722112245 5659784 473679726 438671979 193955392 806320527 49038635 5921647 254146044 517774861 623253026 36092460 384537704 482167381 164600193 31332623 181127108 242005781 678953624 539161451 659677055 773681660 328670582 808782385 618359056 648257679
