3
24 11
216821940 368524196 325004646 547347872 161219990 828233000 224698546 456937950 215173427 963674332 243348540 504935611 432245309 524463613 713902380 432151210 350667287 263877024 801439183 587647712 822346033 728292727 282172579 368509418
91327444 256739952 591603 917710619 895781423 884668804 152588604 969696459 929339109 449820691 51930258 704801208 59409211 372359773 18120428 79920725 357435134 599615210 207321877 441594488 667486212 40999596 595545935 490747554
23 23
731846207 688847879 574454682 981653833 876457697 418927509 645138595 528220418 137481723 409325668 799786530 68295353 864638261 758869963 658080325 803408046 291121771 693761629 202114673 51015649 192206531 182911031 787634254
966633273 949339501 888718751 834715803 418065801 93478987 518690381 845149524 413278898 556148083 955962066 21237317 706243316 570771809 934363266 235335384 915886476 941730911 529020206 9314703 807669824 788980468 191888468
88 42
567976868 894807622 984580511 734442067 523263311 802960951 371828560 459439761 302532178 750323338 798455375 456905817 744666107 773835387 357226651 860257133 692528533 827361233 928086014 415284511 279706118 277457480 731246244 531756826 96370530 875059803 95419428 919242192 771514281 468094060 224337819 75406822 525192551 426606687 644157854 103110969 339695861 734424981 205110048 311439972 876083714 744805593 611597442 402648367 851487450 477986284 227667987 267173285 847788121 218284892 744336696 186958145 175352059 129883164 872039253 690611713 88870221 364268210 517585416 152681384 490826451 276102838 317961016 511638326 797066000 464467424 129799283 250907903 576686512 15017112 407738965 236580647 763281886 174586982 291602645 641190218 204427861 539607466 693221527 458455557 159101171 404539521 714385832 292218858 171018065 872159451 971289823 852742176
865516646 198098702 108816469 801254306 347884262 126969426 32251747 881650474 797583478 521609766 274748509 740900023 259553923 64381390 798968546 989568446 251094421 90159431 51910499 923569631 682342731 572348360 952773212 653420568 845140458 876982600 369750660 716841196 147021382 661628743 584579923 94558381 775368201 131965684 863479841 902370402 932018934 314944215 452940655 845431750 401821557 810650822 673998599 636899997 560377559 770287485 935947518 663457149 604959934 473277588 209345139 105475745 153828654 941819097 40785527 33052013 363457977 431341886 174222655 887593823 407813305 342670690 676896349 161364066 457601205 305227669 66819906 417707747 976396560 996918384 184545930 984662708 629615288 218376388 142502237 701930506 152080423 202537135 105772709 876184062 365603769 250348642 669050044 946034092 197874627 996475214 175987540 880695996
