10
20 16
282898141 43177486 637345635 714029067 791317940 893151616 276465991 409871010 233322464 211678109 804610966 174568129 753971083 47217457 918637888 307826034 979754424 259877403 732847718 421967482
193724351 818428857 206223546 518869831 90054978 428270769 902633331 776243465 286368677 68681209 704029966 335581554 739311644 896744014 838517741 858011623 682231088 96646396 849815367 572815884
90 74
659266272 464804691 71107932 694843006 257594038 598193227 472232296 11310724 167843531 114459479 987432751 571249372 988435415 21346395 104470368 265011261 460309149 866649695 873347247 586546173 884207589 527365587 398966039 120164436 738507208 258123760 797841774 823623697 723299115 228506618 687288533 332645426 970299149 778939506 415385958 536925733 639194529 482636503 666874981 651758824 390662618 922480262 443475654 144368932 729314696 336596794 588117920 852142462 239583 97218175 10901942 883714255 395844317 11513045 811959431 258628791 217544210 710527789 851061345 823624762 269068073 639692907 587108871 777693421 11835050 603492717 515915106 784603654 226482137 711734950 22181932 421223826 179314389 86268642 692837195 585547680 720464606 287345052 608370041 362440684 674491245 361779477 378134180 837585098 613067535 8346402 708550134 147267793 119947606 767605745
397278784 990391927 57292428 548564145 57477133 407498086 348475869 202225547 502106797 216767047 801624959 350723731 972362104 743099016 108834983 462165532 570898577 214581347 827405284 417657323 508298418 302254644 313223119 914510882 873897381 273775944 882807215 196817773 642289033 471656330 955665176 25596744 429035676 997731708 666117675 662989716 505481563 535331716 672675781 772253130 453648697 177124298 4502738 689948706 296538833 608775464 431365825 950307236 545541486 127351079 887506049 954634456 919970318 837728316 555278852 357486343 131088081 218901586 941487851 69611304 795797120 633503907 891425926 916710940 149980248 158266376 852993418 900838845 335569096 69262275 845403010 371073349 622047652 190693146 98530587 239830582 88549301 928045235 116456427 405865690 693580206 716650376 416524654 883140060 492511824 948787685 673528425 564218900 428021684 102508456
47 26
771530922 56087206 127121676 160129974 26717421 225855148 484355667 367403092 622217753 625605659 54839171 927653770 819008544 905077398 911339380 968153238 670638728 588905799 634643198 309900185 501731190 335861462 821483269 972630791 260527847 345413000 667277483 649602574 300416330 197559653 252031902 121514887 469121947 19350520 79718163 488567897 154275191 418897697 120980168 820471345 257160363 853256795 690413330 141466966 333791900 597588362 626058634
517937474 817376175 103637125 425427791 358205880 406530826 47358868 498723243 958563076 912794322 939395307 827115849 155380521 506030520 347062912 311594993 943013230 191914684 492266777 160061475 401677210 882006657 828379699 953400857 144103103 768775266 293314945 775123257 735108143 976317026 205784852 897677024 538411799 130125808 97723657 502503454 945697722 580907393 71312800 262043661 726983501 171886461 826119480 100582311 735208451 813731102 762169804
14 6
664065251 494714368 404620516 228958047 259854555 887672841 19112246 619840105 773239795 553855143 346010635 363572115 118156378 78722628
196385960 140849490 905575559 702506898 217898653 265510264 232558715 734069570 316852747 598868657 965575400 938583342 501966053 803620974
55 51
160360811 780496137 530373377 356770180 262036254 36409790 125328829 320574664 97545713 17237300 582262795 390336135 36718001 572026602 891237096 857727266 912935518 304060487 125585436 393317311 13639502 794741558 87348468 572851693 406260486 206142403 321782580 329144925 551870063 620605884 426822878 952884958 257461068 22508145 974559017 505084028 240448563 787740805 671011009 288348295 304894544 899767562 236819877 150065213 431893100 128657247 569990136 446224154 373059752 534140603 360871242 884810519 606969931 710536985 103034983
498866794 194189764 387343786 264557120 873691533 745114712 917227202 514951774 317663186 300432699 973535609 434245668 577012307 891614024 632485935 567547504 66706234 305985134 605955581 521329538 953021183 572844372 96647449 801831307 454801312 843989986 916403776 545013099 888881900 564068533 364340593 891110629 376184544 598066151 387160883 238179969 470375412 173649061 409428817 713628114 612532090 679091753 918846624 870463537 233664226 616355069 2292896 389154297 849244647 572053664 536708489 615035852 905774858 595329740 674181907
1 1
650435373
38625692
32 27
100390089 39100571 143269469 902112954 459315 281423532 970929206 591702321 723921280 558799681 173966352 645360283 169453444 315105282 964485317 674355539 752994188 529447899 821586786 332306863 300416318 910914765 605377594 959801080 15434971 650017794 582973238 825963524 936289923 255154823 136920802 922577371
375522390 982488121 748146235 588401439 160304809 721686079 271761130 530350056 976819372 802986229 935674073 876337658 522530070 394808905 758092046 616732456 368571264 775873158 597167198 848549396 795552674 571940331 711656213 450303724 698744146 408062006 363585179 337858793 616695082 928398623 817002091 863407648
12 5
320762535 190415437 804711819 441567915 306931427 460386159 284987579 113300689 188501151 674095157 725925759 9549384
288822888 782645643 800671958 480645405 572098989 61355742 118784950 455635984 687950241 694907208 299474107 405223501
9 1
527298493 797625090 239011621 595500017 346413418 825275866 644243793 591413060 351185942
748284892 683863303 480682089 119933173 943418396 277472684 694634076 899613243 915806932
88 78
900717178 753809540 8250189 609979740 130452030 605135828 482977471 606148616 66487987 411831296 439266096 920481929 788436757 824304126 312682689 631026986 922077014 25206193 774659169 738929408 376999036 205985245 437835427 739965853 502459148 333658949 822643144 430343600 884810585 503530213 712680914 759893805 125004072 362498924 913760622 530758472 894553307 728064511 84726592 872937808 509296270 531645358 491802688 230295670 141435012 333972512 494009583 456896137 606869862 949848537 721354361 90411816 941073013 464457017 725509870 684704692 694469032 999316861 408267618 458299619 465027271 485269187 692056113 881426650 11135374 140065903 163966140 256661674 904656195 300315876 6553491 959912715 656339758 421893730 943854228 704550964 660629085 647336664 701860907 884174055 744991692 87910388 434801748 260613102 769355496 155711020 258752997 974686106
758683678 320996979 938620045 179441616 512631707 661835622 486485407 397247103 372561937 850634748 857117014 299859678 923825828 180819423 765722469 237788047 48677574 490395902 588309182 536844378 103402 741053238 36050617 872102005 698035872 725124399 234334644 129104140 307168473 930035227 654596364 894691808 528704979 756627254 931327027 955905682 918263412 714419083 949334585 852142961 756790988 922728377 470335796 453582229 4007677 832353681 693289025 253189125 561724253 425838503 600843830 926214172 150337460 419794652 936432257 567999385 439261838 147104630 342436497 440271208 335034888 240837959 695330034 796400336 629244528 174259281 357175501 901999027 228558606 68833169 885251720 427847097 456603071 423532101 422550549 500562810 313380080 308920301 340440769 931297751 49379975 248755643 985141918 253216205 154125761 854742539 159306952 781120295
